pa1-debug-c-auxilliary1.txt
EM distortion factor =     0.0100
EM noise =       0.00
Optical tracker jiggle factor =     0.0000
EM pivot post actual position =   208.29,   194.47,   200.38
EM pivot post est    position =   211.72,   191.78,   200.50
Optical pivot post actual position =   395.09,   399.24,   209.38
Optical pivot post est    position =   395.09,   399.24,   209.38
Cal EM observed - cal EM estimated
  0:     3.08,    -1.64,    -0.45
  1:     0.55,    -2.39,    -1.11
  2:    -0.67,    -2.24,    -1.16
  3:     0.94,    -1.36,    -0.11
  4:     0.46,    -1.94,    -0.15
  5:     0.86,    -2.13,     0.38
  6:    -1.07,    -1.33,    -0.31
  7:     0.04,    -0.80,     0.51
  8:     1.28,    -0.72,     1.34
  9:     4.25,    -0.60,    -2.38
 10:     2.24,    -0.71,    -1.90
 11:    -0.21,    -1.06,    -0.68
 12:     1.74,    -0.21,     0.07
 13:     1.62,     1.03,     0.49
 14:     1.84,     1.41,     0.70
 15:    -1.35,     0.42,     2.42
 16:     0.41,     1.66,     2.65
 17:     2.68,     2.15,     1.80
 18:     2.43,     0.44,    -3.83
 19:     2.25,     0.66,    -2.58
 20:     0.65,     0.03,    -0.39
 21:     0.77,    -0.19,     0.05
 22:     1.20,     2.25,     0.77
 23:     1.62,     3.39,     0.78
 24:    -1.46,     0.38,     4.19
 25:     0.02,     2.18,     3.91
 26:     2.07,     3.17,     2.03
 27:    -0.74,    -2.25,    -1.25
 28:     0.37,    -1.69,    -0.47
 29:     3.07,    -0.50,     1.66
 30:     0.65,    -2.39,     0.27
 31:     2.24,    -1.94,     1.20
 32:     4.10,    -0.74,     2.32
 33:     1.07,    -1.04,     1.31
 34:     2.06,    -1.27,     1.81
 35:     2.51,    -1.54,     1.41
 36:    -0.12,    -1.09,    -0.82
 37:    -0.32,    -1.71,     0.28
 38:     2.07,    -1.72,     1.49
 39:     1.76,     1.14,     0.65
 40:     2.84,    -0.15,     0.54
 41:     4.29,    -2.30,     0.44
 42:     2.65,     1.85,     1.72
 43:     3.70,     0.58,     0.71
 44:     3.02,    -2.04,    -0.12
 45:     0.76,     0.18,    -0.54
 46:    -0.15,    -0.95,     0.88
 47:     0.53,    -1.45,     1.29
 48:     1.67,     3.41,     0.85
 49:     2.33,     1.44,     0.12
 50:     2.89,    -2.58,    -0.61
 51:     2.26,     3.18,     2.02
 52:     3.23,     1.68,     0.06
 53:     2.37,    -1.99,    -0.92
 54:    -0.95,    -1.27,    -0.25
 55:     0.13,    -0.91,     0.52
 56:     1.35,    -0.98,     1.32
 57:    -1.10,    -1.83,    -0.79
 58:    -0.26,    -0.33,     0.38
 59:     0.18,     0.52,     0.89
 60:     0.51,    -3.01,    -1.55
 61:    -0.57,    -1.02,    -0.51
 62:    -2.16,     1.25,    -0.74
 63:    -1.13,     0.45,     2.37
 64:     0.67,     1.74,     2.47
 65:     2.78,     2.13,     1.64
 66:    -2.71,     0.45,     2.93
 67:    -0.51,     0.58,     2.94
 68:     1.67,     0.74,     1.71
 69:    -2.50,    -0.27,     1.41
 70:    -1.69,    -2.02,     1.67
 71:    -1.24,    -2.17,     0.80
 72:    -1.28,     0.38,     4.02
 73:     0.26,     2.41,     3.58
 74:     2.18,     3.43,     1.76
 75:    -2.74,     1.49,     5.50
 76:    -0.39,     0.69,     4.60
 77:     1.97,     0.31,     2.39
 78:    -3.30,     2.69,     3.44
 79:    -0.87,    -1.78,     3.29
 80:     0.94,    -4.22,     2.31
 81:     1.23,    -0.99,     1.29
 82:     2.26,    -1.19,     1.72
 83:     2.52,    -1.65,     1.23
 84:     0.07,     0.53,     0.82
 85:    -0.05,     0.03,     0.55
 86:    -0.18,    -1.87,    -0.46
 87:    -1.95,     1.31,    -0.78
 88:    -3.13,     1.35,    -1.73
 89:    -2.43,    -1.15,    -2.41
 90:     2.63,     2.10,     1.75
 91:     3.77,     0.83,     0.67
 92:     3.04,    -1.89,    -0.21
 93:     1.37,     0.63,     1.79
 94:     1.52,     0.41,     0.61
 95:    -0.52,    -0.14,     0.09
 96:    -1.46,    -2.15,     0.76
 97:    -2.54,    -0.89,     0.01
 98:    -4.17,     1.62,     0.22
 99:     2.05,     3.34,     2.04
100:     3.07,     1.86,     0.11
101:     2.31,    -1.76,    -0.92
102:     1.73,     0.10,     2.68
103:     1.98,     0.03,     0.87
104:    -0.64,     0.77,     0.30
105:     0.57,    -4.32,     2.34
106:    -0.31,    -2.89,     1.59
107:    -4.09,     3.14,     1.49
108:     2.70,     0.39,    -3.76
109:     2.34,     0.51,    -2.53
110:     0.41,    -0.37,    -0.39
111:     0.99,    -0.02,     0.15
112:     1.40,     2.35,     0.72
113:     1.71,     3.14,     0.73
114:    -1.43,     0.64,     4.22
115:     0.35,     2.49,     3.68
116:     2.51,     3.31,     1.80
117:    -1.49,     0.85,    -3.28
118:     0.42,     0.99,    -2.39
119:     1.54,     0.53,    -0.66
120:    -1.49,    -1.11,     0.22
121:    -0.29,     1.18,     0.43
122:     0.84,     2.45,     0.23
123:    -1.29,    -1.29,     3.63
124:    -0.51,     0.48,     3.11
125:     0.45,     1.59,     1.50
126:    -6.11,     0.80,    -0.99
127:    -2.05,     0.67,    -1.79
128:     2.81,     1.04,    -1.95
129:    -4.41,    -2.72,     0.07
130:    -2.35,    -1.89,    -0.62
131:    -0.06,    -0.77,    -0.97
132:    -0.96,    -4.30,     0.41
133:    -1.54,    -3.57,     0.76
134:    -2.32,    -2.68,     0.80
135:     0.58,    -0.17,    -0.49
136:    -0.35,    -1.24,     0.97
137:     0.52,    -1.45,     1.45
138:     1.66,     3.28,     0.75
139:     2.27,     1.14,     0.11
140:     2.90,    -2.78,    -0.56
141:     2.30,     3.26,     1.85
142:     3.19,     1.55,    -0.05
143:     2.35,    -2.32,    -0.97
144:     1.56,     0.52,    -0.87
145:     1.27,     0.31,     0.59
146:    -0.27,     0.88,     1.15
147:     0.70,     2.20,     0.13
148:     1.34,     1.12,    -0.20
149:     0.96,    -1.52,    -0.38
150:     0.03,     1.15,     1.46
151:     0.58,     0.14,    -0.04
152:     0.55,    -2.50,    -0.91
153:     2.52,     1.04,    -2.10
154:     3.96,     2.26,    -1.14
155:     0.24,     4.03,     0.63
156:    -0.03,    -1.01,    -1.21
157:     1.00,    -0.14,    -0.74
158:    -0.52,     0.60,     0.39
159:    -2.53,    -3.24,     0.54
160:    -2.36,    -2.89,     0.25
161:    -1.39,    -2.56,    -0.61
162:    -1.32,     0.55,     4.09
163:     0.33,     2.48,     3.64
164:     2.35,     3.33,     1.79
165:    -2.88,     1.53,     5.38
166:    -0.45,     0.62,     4.51
167:     1.96,     0.10,     2.35
168:    -3.42,     2.49,     3.23
169:    -1.16,    -1.91,     3.09
170:     0.58,    -4.40,     2.14
171:    -1.32,    -1.52,     3.33
172:    -0.65,     0.18,     2.90
173:     0.10,     1.26,     1.44
174:    -0.90,     0.29,     4.32
175:     0.18,    -0.69,     3.98
176:     0.78,    -1.47,     2.67
177:    -1.21,     3.39,     2.31
178:     1.22,    -0.71,     3.00
179:     2.41,    -4.07,     3.16
180:    -1.36,    -4.39,     0.24
181:    -1.68,    -3.90,     0.42
182:    -2.49,    -3.16,     0.59
183:     2.22,    -2.93,    -0.26
184:     1.00,    -3.08,     1.36
185:    -1.58,    -3.63,     2.47
186:     3.65,     0.94,    -1.14
187:     4.03,     0.46,     1.48
188:     2.52,    -1.50,     3.30
189:     2.28,     3.42,     1.89
190:     3.28,     1.74,     0.02
191:     2.59,    -2.20,    -0.97
192:     1.95,     0.31,     2.40
193:     2.07,     0.33,     0.65
194:    -0.51,     0.47,     0.16
195:     0.53,    -4.19,     2.10
196:    -0.71,    -1.96,     1.38
197:    -4.38,     3.83,     1.49
198:     0.15,     1.44,     1.53
199:     0.75,     0.43,    -0.01
200:     0.71,    -2.35,    -0.90
201:     0.82,    -1.27,     2.70
202:     0.32,    -1.30,     1.01
203:    -1.35,    -0.65,    -0.47
204:     2.31,    -4.08,     3.14
205:     0.35,    -2.76,     2.10
206:    -3.98,     2.67,     0.20
207:    -2.37,    -3.00,     0.58
208:    -2.28,    -2.73,     0.28
209:    -1.39,    -2.62,    -0.56
210:    -1.47,    -3.54,     2.45
211:    -2.86,    -3.76,     1.29
212:    -2.51,    -3.19,    -1.90
213:     2.49,    -1.70,     3.32
214:    -0.38,    -2.33,     1.67
215:    -3.24,    -0.85,    -2.97
