27, 8, pa1-debug-e-output1.txt
  197.12,   206.27,   196.52
  403.09,   390.63,   191.35
  209.56,   212.07,   211.79
  212.32,   214.27,   336.90
  215.32,   216.81,   462.35
  209.95,   335.87,   207.29
  212.54,   339.79,   332.38
  215.27,   343.85,   457.85
  210.71,   459.26,   203.34
  213.11,   465.04,   328.23
  215.71,   470.36,   453.91
  333.91,   209.94,   208.11
  336.31,   213.52,   333.72
  339.01,   217.32,   459.45
  333.06,   335.25,   205.46
  336.29,   338.69,   329.72
  339.72,   341.88,   454.21
  332.92,   460.22,   203.18
  336.89,   464.10,   326.14
  340.74,   467.06,   449.77
  458.27,   208.65,   204.51
  460.48,   213.04,   330.56
  463.06,   217.41,   456.36
  457.13,   334.69,   203.88
  460.93,   337.64,   327.28
  464.94,   340.49,   450.65
  457.01,   460.68,   202.84
  461.71,   462.79,   324.04
  466.36,   465.34,   445.68
  211.57,   207.85,   451.72
  208.67,   204.70,   577.34
  205.52,   203.34,   702.78
  213.75,   334.80,   454.36
  211.00,   330.83,   580.14
  208.08,   326.52,   705.21
  216.28,   461.36,   457.47
  212.98,   456.38,   583.16
  209.23,   450.06,   707.39
  335.30,   206.26,   454.46
  332.25,   202.99,   579.79
  328.79,   199.83,   704.44
  338.08,   330.82,   456.36
  335.29,   327.18,   581.62
  331.64,   323.54,   707.05
  341.32,   455.83,   458.81
  337.96,   451.66,   584.17
  333.98,   447.82,   710.81
  459.25,   204.37,   456.98
  456.23,   201.06,   581.76
  452.96,   196.63,   706.00
  463.16,   327.36,   458.40
  460.10,   324.13,   583.68
  455.86,   321.34,   709.50
  467.00,   451.85,   460.22
  463.77,   448.21,   586.56
  459.08,   446.42,   714.30
  209.84,   446.70,   208.33
  213.14,   447.44,   333.22
  216.74,   447.51,   458.91
  212.17,   571.29,   209.59
  216.46,   572.47,   335.00
  219.94,   572.34,   460.73
  213.84,   697.65,   211.53
  219.81,   696.65,   337.61
  222.94,   695.51,   462.80
  332.00,   445.46,   206.92
  336.92,   444.24,   329.98
  341.74,   442.12,   453.73
  335.49,   570.35,   208.61
  340.18,   569.50,   331.83
  344.29,   567.78,   455.62
  340.09,   695.34,   209.33
  343.14,   694.22,   334.29
  345.56,   693.78,   459.14
  455.97,   443.69,   205.52
  461.71,   440.77,   326.83
  467.33,   438.25,   448.68
  460.10,   568.49,   206.45
  464.53,   566.57,   328.09
  469.39,   564.77,   450.61
  465.34,   692.64,   205.00
  466.69,   692.52,   330.08
  469.49,   692.36,   454.80
  211.64,   453.16,   451.50
  208.82,   451.05,   577.34
  205.43,   447.41,   701.64
  215.50,   577.88,   452.77
  211.17,   575.73,   578.35
  206.49,   572.79,   702.77
  219.16,   700.90,   454.26
  213.84,   699.97,   579.78
  207.98,   698.96,   705.28
  336.64,   447.13,   452.68
  333.75,   445.68,   577.99
  330.15,   444.47,   704.54
  339.74,   572.75,   454.05
  336.32,   571.38,   579.65
  332.61,   569.69,   706.58
  341.61,   698.63,   456.97
  338.24,   697.61,   582.79
  335.03,   695.41,   708.45
  462.26,   442.52,   453.78
  459.51,   441.54,   579.91
  455.25,   442.37,   707.68
  464.82,   569.09,   455.25
  462.49,   567.70,   581.67
  459.05,   567.23,   709.72
  465.43,   696.68,   458.92
  463.68,   695.02,   584.63
  463.02,   692.33,   710.99
  449.96,   208.67,   209.67
  450.86,   207.59,   335.83
  452.05,   206.59,   461.79
  445.79,   334.65,   214.42
  448.29,   332.13,   337.81
  450.70,   329.65,   461.64
  442.70,   460.44,   218.65
  446.16,   457.22,   339.68
  449.22,   454.22,   461.99
  574.72,   212.02,   208.81
  575.57,   210.42,   334.37
  577.06,   208.97,   459.81
  571.78,   337.78,   213.06
  574.27,   334.70,   336.37
  576.70,   332.24,   460.30
  569.05,   463.03,   216.85
  572.53,   459.66,   338.28
  575.33,   457.23,   461.18
  700.47,   216.64,   208.68
  701.26,   213.21,   333.14
  703.14,   210.79,   457.88
  698.71,   341.24,   210.53
  700.93,   337.82,   334.94
  702.81,   335.48,   460.42
  696.46,   464.80,   212.11
  699.25,   462.60,   336.74
  701.29,   461.50,   462.30
  448.85,   208.79,   451.50
  450.97,   211.08,   576.30
  452.80,   212.36,   700.59
  450.76,   331.97,   447.29
  453.05,   334.12,   572.41
  454.03,   337.05,   698.46
  452.55,   456.69,   443.60
  454.79,   458.39,   569.44
  455.45,   461.91,   697.43
  573.79,   207.87,   448.67
  576.46,   210.04,   573.63
  578.79,   211.90,   698.67
  576.71,   331.17,   445.08
  579.06,   333.96,   570.55
  579.99,   337.53,   696.79
  578.70,   456.20,   441.90
  580.80,   458.82,   568.00
  581.08,   462.65,   695.26
  699.73,   206.37,   445.81
  703.22,   208.62,   571.39
  706.47,   211.67,   697.49
  702.82,   330.95,   444.13
  705.09,   334.23,   569.86
  706.99,   338.10,   695.30
  704.77,   456.90,   441.92
  706.16,   460.08,   567.90
  706.52,   462.91,   693.04
  447.93,   450.88,   214.94
  452.24,   448.40,   336.06
  456.22,   446.23,   458.24
  447.22,   575.74,   215.46
  450.07,   574.31,   337.24
  453.25,   572.84,   460.20
  447.48,   700.14,   214.15
  447.24,   700.19,   339.43
  448.42,   700.36,   464.33
  574.35,   453.14,   212.14
  578.68,   450.51,   333.79
  582.35,   448.88,   456.69
  572.84,   577.07,   212.54
  575.83,   576.42,   334.66
  579.03,   575.60,   458.31
  571.80,   700.93,   211.20
  572.10,   702.74,   336.25
  573.92,   703.00,   461.33
  701.80,   454.59,   206.57
  705.38,   453.05,   331.28
  708.30,   452.75,   456.94
  698.86,   578.10,   206.83
  702.11,   578.28,   331.56
  704.88,   578.89,   457.40
  695.19,   702.24,   207.89
  697.80,   703.90,   332.35
  700.20,   704.48,   458.32
  450.81,   446.79,   447.26
  448.41,   448.11,   573.15
  444.50,   451.18,   701.00
  449.41,   573.38,   446.30
  447.33,   574.46,   572.44
  444.25,   576.14,   700.45
  446.25,   700.76,   447.47
  444.44,   701.91,   573.11
  443.86,   701.59,   699.29
  577.00,   447.76,   450.02
  574.40,   449.97,   576.23
  570.04,   453.45,   703.47
  575.25,   574.51,   448.75
  573.08,   575.92,   575.12
  569.82,   577.85,   702.42
  571.75,   701.93,   448.90
  570.00,   702.72,   574.71
  570.08,   702.22,   701.09
  703.03,   450.01,   454.68
  699.75,   452.73,   580.52
  695.58,   455.22,   705.67
  701.20,   576.19,   452.29
  698.20,   578.18,   578.51
  694.07,   578.85,   703.88
  698.08,   701.85,   450.32
  695.51,   703.00,   576.65
  693.37,   702.24,   702.18
