27, 8, pa1-debug-d-output1.txt
  204.38,   205.39,   191.75
  408.15,   399.37,   191.80
  210.87,   209.79,   209.85
  209.08,   207.77,   334.82
  207.28,   205.76,   459.79
  207.26,   334.72,   211.81
  205.46,   332.71,   336.78
  203.67,   330.69,   461.75
  203.64,   459.65,   213.77
  201.85,   457.64,   338.74
  200.05,   455.62,   463.71
  335.81,   213.38,   211.70
  334.01,   211.36,   336.67
  332.21,   209.34,   461.64
  332.19,   338.31,   213.66
  330.40,   336.29,   338.63
  328.60,   334.28,   463.60
  328.58,   463.24,   215.63
  326.78,   461.22,   340.60
  324.99,   459.21,   465.57
  460.74,   216.96,   213.55
  458.95,   214.94,   338.52
  457.15,   212.93,   463.49
  457.13,   341.89,   215.51
  455.33,   339.88,   340.49
  453.54,   337.86,   465.46
  453.51,   466.82,   217.48
  451.72,   464.81,   342.45
  449.92,   462.79,   467.42
  210.06,   208.53,   451.49
  209.95,   204.86,   576.44
  209.84,   201.18,   701.38
  213.43,   333.43,   455.17
  213.32,   329.76,   580.11
  213.21,   326.08,   705.06
  216.81,   458.33,   458.85
  216.70,   454.66,   583.79
  216.58,   450.98,   708.74
  335.01,   205.16,   451.50
  334.90,   201.48,   576.45
  334.79,   197.80,   701.39
  338.39,   330.06,   455.18
  338.28,   326.38,   580.13
  338.16,   322.70,   705.07
  341.76,   454.96,   458.86
  341.65,   451.28,   583.81
  341.54,   447.60,   708.75
  459.97,   201.78,   451.52
  459.86,   198.10,   576.46
  459.74,   194.43,   701.41
  463.34,   326.68,   455.19
  463.23,   323.00,   580.14
  463.12,   319.33,   705.09
  466.72,   451.58,   458.87
  466.60,   447.90,   583.82
  466.49,   444.23,   708.77
  211.26,   450.73,   210.54
  209.85,   448.69,   335.52
  208.43,   446.64,   460.49
  209.54,   575.70,   212.56
  208.13,   573.66,   337.54
  206.71,   571.61,   462.51
  207.82,   700.67,   214.59
  206.41,   698.63,   339.56
  204.99,   696.59,   464.54
  336.24,   452.42,   211.98
  334.83,   450.38,   336.96
  333.41,   448.34,   461.93
  334.52,   577.40,   214.00
  333.11,   575.35,   338.98
  331.69,   573.31,   463.95
  332.80,   702.37,   216.03
  331.39,   700.33,   341.00
  329.97,   698.28,   465.98
  461.22,   454.12,   213.42
  459.81,   452.08,   338.40
  458.39,   450.04,   463.37
  459.50,   579.09,   215.45
  458.09,   577.05,   340.42
  456.67,   575.01,   465.40
  457.78,   704.06,   217.47
  456.37,   702.02,   342.44
  454.95,   699.98,   467.42
  209.00,   448.91,   450.03
  207.50,   451.05,   575.00
  206.01,   453.18,   699.97
  207.83,   573.89,   447.88
  206.33,   576.02,   572.85
  204.84,   578.16,   697.82
  206.66,   698.86,   445.73
  205.16,   701.00,   570.70
  203.67,   703.13,   695.67
  333.99,   450.11,   451.50
  332.49,   452.24,   576.47
  330.99,   454.38,   701.45
  332.82,   575.08,   449.35
  331.32,   577.22,   574.33
  329.82,   579.35,   699.30
  331.65,   700.06,   447.20
  330.15,   702.19,   572.18
  328.65,   704.33,   697.15
  458.97,   451.30,   452.98
  457.48,   453.44,   577.95
  455.98,   455.57,   702.92
  457.80,   576.28,   450.83
  456.31,   578.41,   575.80
  454.81,   580.55,   700.77
  456.63,   701.25,   448.68
  455.14,   703.39,   573.65
  453.64,   705.52,   698.63
  449.98,   211.48,   208.25
  451.76,   213.39,   333.22
  453.53,   215.31,   458.20
  447.00,   336.43,   206.38
  448.78,   338.34,   331.35
  450.55,   340.26,   456.33
  444.02,   461.38,   204.51
  445.79,   463.29,   329.48
  447.57,   465.21,   454.46
  574.94,   214.44,   206.43
  576.71,   216.35,   331.40
  578.48,   218.26,   456.38
  571.95,   339.39,   204.56
  573.73,   341.30,   329.54
  575.50,   343.21,   454.51
  568.97,   464.34,   202.69
  570.75,   466.25,   327.67
  572.52,   468.16,   452.64
  699.89,   217.39,   204.61
  701.66,   219.30,   329.59
  703.44,   221.22,   454.56
  696.91,   342.34,   202.74
  698.68,   344.25,   327.72
  700.45,   346.17,   452.69
  693.92,   467.29,   200.87
  695.70,   469.20,   325.85
  697.47,   471.12,   450.82
  450.99,   210.72,   450.48
  448.01,   212.54,   575.43
  445.04,   214.36,   700.38
  451.68,   335.70,   448.68
  448.70,   337.53,   573.63
  445.73,   339.35,   698.58
  452.37,   460.69,   446.87
  449.39,   462.51,   571.82
  446.42,   464.33,   696.77
  575.95,   210.07,   453.47
  572.98,   211.89,   578.42
  570.00,   213.72,   703.37
  576.64,   335.06,   451.66
  573.67,   336.88,   576.62
  570.69,   338.70,   701.57
  577.33,   460.04,   449.86
  574.36,   461.86,   574.81
  571.38,   463.69,   699.76
  700.92,   209.43,   456.46
  697.94,   211.25,   581.41
  694.96,   213.07,   706.36
  701.61,   334.41,   454.65
  698.63,   336.23,   579.60
  695.65,   338.05,   704.55
  702.30,   459.40,   452.85
  699.32,   461.22,   577.80
  696.34,   463.04,   702.75
  449.80,   448.66,   209.51
  446.63,   450.77,   334.46
  443.47,   452.88,   459.40
  452.32,   573.62,   207.47
  449.16,   575.73,   332.41
  445.99,   577.84,   457.35
  454.85,   698.58,   205.42
  451.68,   700.69,   330.36
  448.52,   702.80,   455.31
  574.73,   446.19,   212.72
  571.57,   448.30,   337.66
  568.40,   450.41,   462.60
  577.26,   571.15,   210.67
  574.09,   573.26,   335.62
  570.93,   575.37,   460.56
  579.78,   696.11,   208.63
  576.62,   698.22,   333.57
  573.45,   700.33,   458.51
  699.67,   443.72,   215.93
  696.50,   445.83,   340.87
  693.34,   447.94,   465.81
  702.19,   568.68,   213.88
  699.03,   570.79,   338.82
  695.86,   572.90,   463.76
  704.72,   693.64,   211.83
  701.55,   695.75,   336.78
  698.39,   697.86,   461.72
  450.44,   450.36,   449.78
  448.28,   451.82,   574.75
  446.13,   453.28,   699.73
  451.39,   575.35,   448.34
  449.23,   576.81,   573.31
  447.07,   578.27,   698.28
  452.34,   700.33,   446.89
  450.18,   701.80,   571.86
  448.02,   703.26,   696.84
  575.42,   449.44,   451.95
  573.26,   450.90,   576.92
  571.10,   452.36,   701.90
  576.37,   574.42,   450.51
  574.21,   575.88,   575.48
  572.05,   577.35,   700.45
  577.32,   699.41,   449.06
  575.16,   700.87,   574.03
  573.00,   702.33,   699.01
  700.40,   448.51,   454.12
  698.24,   449.97,   579.09
  696.08,   451.43,   704.07
  701.35,   573.50,   452.68
  699.19,   574.96,   577.65
  697.03,   576.42,   702.62
  702.30,   698.49,   451.23
  700.14,   699.95,   576.20
  697.98,   701.41,   701.18
