27, 8, pa1-debug-g-output1.txt
  206.05,   204.26,   192.64
  396.41,   401.91,   203.86
  210.65,   209.84,   209.02
  210.28,   206.38,   333.04
  209.80,   202.42,   457.84
  212.44,   333.02,   212.56
  212.81,   330.78,   337.75
  212.88,   327.38,   462.86
  215.09,   456.83,   215.86
  215.53,   455.16,   341.71
  215.34,   452.81,   467.15
  334.54,   205.84,   209.56
  333.85,   202.78,   333.89
  333.43,   200.06,   458.43
  337.48,   330.03,   212.55
  337.06,   326.81,   337.44
  336.86,   323.49,   462.66
  340.34,   454.29,   215.79
  340.35,   451.24,   340.77
  339.94,   447.69,   466.54
  459.51,   202.12,   210.10
  458.27,   199.60,   334.89
  457.70,   197.06,   459.33
  462.94,   327.10,   213.10
  461.88,   323.00,   337.75
  461.15,   319.41,   462.83
  466.00,   451.81,   216.25
  465.56,   447.44,   340.67
  464.42,   442.78,   466.39
  211.95,   210.00,   451.13
  214.41,   206.63,   576.32
  216.34,   203.76,   701.10
  209.51,   335.31,   454.88
  211.80,   332.54,   579.59
  213.61,   330.09,   704.06
  206.25,   460.83,   457.80
  209.08,   458.95,   582.80
  211.04,   455.95,   707.55
  335.62,   213.42,   448.36
  338.64,   210.77,   572.82
  341.32,   207.83,   697.78
  333.67,   336.96,   451.67
  336.19,   334.17,   576.82
  338.24,   331.68,   701.58
  331.02,   461.12,   454.34
  333.28,   458.70,   580.17
  335.41,   456.30,   705.33
  460.20,   215.83,   445.93
  462.97,   214.53,   570.35
  465.78,   211.73,   695.08
  457.70,   338.28,   448.40
  460.52,   335.95,   573.85
  463.17,   334.38,   699.39
  455.49,   462.56,   450.19
  457.78,   459.52,   576.99
  460.22,   457.78,   702.74
  209.99,   448.03,   211.55
  214.57,   452.53,   337.18
  218.55,   456.37,   462.43
  213.98,   573.03,   207.98
  217.66,   577.09,   333.60
  221.45,   581.04,   459.57
  217.92,   699.68,   204.75
  221.37,   701.95,   330.03
  224.27,   704.39,   455.12
  335.11,   445.23,   207.60
  339.54,   447.95,   332.62
  343.03,   450.51,   458.29
  338.59,   570.12,   204.36
  342.43,   573.49,   329.47
  346.17,   576.52,   455.20
  341.97,   695.48,   201.65
  345.30,   699.67,   326.74
  349.05,   703.47,   451.62
  460.92,   442.38,   204.13
  464.38,   444.29,   328.23
  467.39,   445.97,   453.64
  463.54,   566.94,   201.33
  467.59,   570.12,   325.30
  471.20,   572.58,   450.36
  466.18,   691.43,   199.02
  469.80,   696.67,   323.17
  474.65,   701.28,   447.61
  211.01,   450.04,   450.16
  212.45,   453.78,   575.20
  213.21,   456.02,   699.76
  211.19,   574.79,   446.74
  212.81,   578.51,   571.89
  213.80,   580.97,   696.53
  211.25,   698.23,   442.34
  212.24,   701.68,   567.62
  213.35,   705.20,   691.90
  335.59,   447.13,   447.77
  337.12,   450.26,   573.78
  337.73,   453.28,   698.66
  336.05,   572.92,   444.23
  337.61,   576.24,   570.02
  338.59,   579.22,   694.57
  336.48,   699.76,   440.72
  337.97,   703.28,   565.21
  338.91,   704.97,   688.45
  460.09,   445.08,   444.84
  461.55,   447.80,   571.73
  463.01,   451.46,   697.64
  460.95,   571.88,   441.35
  462.45,   574.89,   567.22
  463.64,   577.58,   693.11
  461.49,   700.41,   438.23
  463.88,   704.07,   562.52
  464.74,   705.19,   686.78
  447.74,   210.44,   211.28
  446.56,   210.40,   336.15
  445.97,   210.23,   460.46
  445.17,   335.39,   211.70
  443.95,   333.87,   336.68
  443.23,   332.52,   461.91
  441.95,   460.30,   212.62
  441.20,   458.53,   337.12
  440.17,   456.45,   462.54
  572.82,   213.66,   211.90
  572.03,   212.81,   337.06
  571.23,   212.78,   461.73
  570.63,   338.70,   212.48
  569.26,   337.12,   337.31
  568.33,   335.48,   462.32
  567.17,   463.82,   213.62
  566.35,   462.03,   337.56
  565.34,   459.75,   462.65
  698.34,   217.63,   213.41
  697.94,   216.08,   338.21
  696.80,   214.99,   462.66
  695.77,   342.54,   213.91
  694.58,   341.19,   338.33
  693.40,   339.38,   463.85
  692.53,   467.29,   215.21
  691.79,   466.32,   338.03
  690.75,   464.65,   464.20
  449.10,   213.33,   451.06
  452.65,   211.26,   575.10
  456.19,   208.44,   699.73
  449.37,   335.71,   453.44
  452.78,   333.17,   578.80
  456.16,   331.01,   704.16
  449.44,   459.73,   455.54
  452.29,   456.81,   582.24
  455.74,   454.68,   707.92
  574.42,   213.11,   447.92
  577.98,   211.51,   572.13
  580.96,   209.51,   696.89
  574.31,   335.95,   449.74
  577.51,   333.56,   575.67
  580.68,   331.99,   701.36
  574.61,   460.22,   451.70
  577.23,   457.51,   578.55
  580.49,   455.49,   705.42
  700.19,   212.54,   444.57
  702.70,   210.35,   569.38
  706.37,   209.66,   694.69
  699.61,   337.34,   447.10
  702.63,   334.76,   572.95
  705.58,   333.44,   698.28
  699.92,   462.23,   448.52
  702.83,   459.55,   576.41
  705.20,   458.06,   701.93
  451.55,   447.78,   209.34
  454.35,   445.25,   333.68
  456.73,   442.70,   459.28
  450.34,   572.33,   210.80
  453.53,   571.47,   335.09
  456.30,   569.78,   460.11
  449.21,   697.44,   212.74
  451.99,   698.22,   337.20
  456.01,   698.42,   461.71
  576.70,   448.88,   206.77
  579.36,   446.62,   330.82
  581.97,   443.95,   455.99
  575.42,   573.54,   209.14
  578.75,   572.42,   332.12
  581.37,   570.83,   456.83
  574.39,   698.05,   211.45
  577.73,   698.99,   334.27
  581.51,   699.07,   457.59
  701.84,   449.56,   204.62
  704.87,   448.11,   327.93
  707.17,   446.17,   453.59
  700.68,   574.50,   207.78
  704.35,   573.59,   329.60
  706.83,   571.95,   454.06
  700.06,   699.68,   210.28
  703.47,   698.56,   331.53
  706.37,   697.93,   454.78
  451.10,   446.01,   448.98
  453.59,   448.85,   575.32
  455.67,   452.49,   701.55
  447.64,   573.00,   445.27
  450.15,   575.83,   571.26
  452.11,   578.24,   697.11
  443.85,   701.37,   442.63
  447.02,   704.83,   566.69
  448.96,   706.03,   690.63
  576.10,   450.41,   445.49
  578.36,   452.68,   572.41
  580.61,   456.38,   699.48
  572.93,   577.07,   441.92
  575.06,   580.06,   568.39
  577.42,   582.87,   695.40
  569.46,   705.21,   438.76
  572.66,   709.08,   562.95
  574.51,   710.93,   689.48
  701.66,   455.29,   443.40
  703.55,   458.23,   570.94
  705.38,   462.07,   696.71
  698.45,   581.25,   439.27
  700.27,   584.91,   566.78
  702.46,   588.50,   694.08
  694.65,   707.11,   435.62
  697.08,   711.79,   561.65
  700.26,   715.09,   689.32
