pa1-debug-e-auxilliary1.txt
EM distortion factor =     0.0200
EM noise =       0.00
Optical tracker jiggle factor =     0.0100
EM pivot post actual position =   191.34,   207.68,   195.54
EM pivot post est    position =   197.12,   206.27,   196.52
Optical pivot post actual position =   403.09,   390.63,   191.35
Optical pivot post est    position =   403.09,   390.63,   191.35
Cal EM observed - cal EM estimated
  0:     4.80,    -2.31,     1.67
  1:    -2.67,    -2.23,     1.74
  2:    -8.05,    -0.32,     1.28
  3:     1.54,     3.85,    -3.29
  4:    -0.22,     3.67,     1.54
  5:    -1.92,     0.87,     4.79
  6:    -2.37,    11.62,    -6.83
  7:     2.52,     8.09,     1.01
  8:     3.93,    -0.58,     6.49
  9:     3.19,     2.31,     1.70
 10:    -0.17,     1.20,     1.12
 11:    -3.24,    -0.97,     0.69
 12:     1.13,     2.65,     4.22
 13:     1.59,     2.80,     2.88
 14:     0.90,     1.36,     0.23
 15:    -0.33,     2.92,     3.25
 16:     2.20,     2.24,     2.04
 17:     2.51,     0.88,    -0.99
 18:     0.95,     4.19,     0.95
 19:    -0.67,     3.45,     0.03
 20:    -1.25,    -0.69,    -0.82
 21:     0.43,     1.43,     8.32
 22:     1.03,     1.59,     2.30
 23:     1.02,     0.93,    -4.26
 24:     1.02,    -3.72,    10.35
 25:     1.35,    -2.40,     2.02
 26:     0.52,     0.56,    -6.62
 27:    -8.13,    -0.65,     1.05
 28:    -7.49,     1.16,     0.94
 29:    -0.43,     1.18,     2.85
 30:    -2.43,     0.97,     4.59
 31:    -3.80,    -1.79,     3.63
 32:    -2.77,    -3.94,     0.34
 33:     3.61,    -0.59,     6.45
 34:    -0.24,    -5.77,     4.11
 35:    -5.34,    -6.39,    -3.53
 36:    -3.65,    -1.22,     0.63
 37:    -3.78,    -2.50,     1.16
 38:     0.68,    -2.50,     2.90
 39:     0.55,     1.23,     0.37
 40:    -1.29,    -2.18,    -0.91
 41:    -1.76,    -6.33,    -0.26
 42:     2.41,     0.89,    -1.15
 43:    -0.33,    -2.17,    -3.48
 44:    -4.49,    -6.28,    -4.60
 45:    -1.65,    -1.05,    -0.43
 46:     0.03,    -4.93,    -0.17
 47:     4.65,    -5.96,    -0.29
 48:     0.92,     0.78,    -4.13
 49:     0.69,    -2.27,    -5.64
 50:     1.29,    -6.45,    -1.79
 51:     0.55,     0.86,    -7.19
 52:    -1.17,     0.54,    -9.41
 53:    -3.36,    -4.38,    -3.22
 54:    -1.99,    11.06,    -6.56
 55:     2.32,     7.41,     1.37
 56:     3.12,    -0.38,     6.33
 57:    -1.84,    16.36,    -5.60
 58:     4.21,     7.89,     1.49
 59:     5.08,    -3.75,     6.26
 60:     2.74,    16.70,    -0.76
 61:     4.43,     5.67,     1.42
 62:     2.74,    -6.91,     3.91
 63:    -0.20,     2.93,     3.46
 64:     2.24,     2.39,     2.29
 65:     2.42,     1.13,    -0.92
 66:     0.46,     3.27,     0.07
 67:     1.67,     1.06,    -0.59
 68:     1.23,    -1.02,    -1.95
 69:     2.89,     3.96,    -4.24
 70:     0.18,     0.75,    -4.17
 71:    -2.07,    -3.58,    -1.84
 72:     0.91,    -3.02,    10.32
 73:     1.43,    -1.64,     2.11
 74:     0.82,     0.75,    -6.40
 75:     1.97,    -7.58,     6.81
 76:     0.05,    -4.88,    -0.82
 77:    -1.83,     0.06,    -7.50
 78:     2.80,    -9.40,    -0.68
 79:    -2.94,    -5.07,    -5.05
 80:    -5.71,    -0.27,    -5.58
 81:     3.41,    -0.10,     6.50
 82:    -0.13,    -5.50,     4.56
 83:    -5.11,    -6.37,    -2.98
 84:     5.28,    -3.40,     6.36
 85:     1.44,    -8.77,     3.90
 86:    -4.59,    -6.02,    -4.82
 87:     2.85,    -6.44,     3.86
 88:     0.39,   -10.17,     1.91
 89:    -1.01,    -3.24,    -3.59
 90:     2.51,     1.06,    -0.63
 91:    -0.16,    -2.11,    -3.04
 92:    -4.34,    -6.21,    -4.47
 93:     1.30,    -1.18,    -1.64
 94:    -0.05,    -2.75,    -3.24
 95:    -1.99,    -2.57,    -5.70
 96:    -2.03,    -3.71,    -1.68
 97:    -0.32,    -3.86,    -0.63
 98:     4.90,     1.49,    -1.80
 99:     0.81,     0.86,    -6.59
100:    -0.91,     0.52,    -9.30
101:    -3.23,    -4.25,    -3.73
102:    -1.93,     0.18,    -7.55
103:    -2.23,     2.34,    -8.50
104:    -1.32,    -0.16,    -3.20
105:    -5.75,    -0.26,    -5.36
106:    -1.55,     2.24,    -2.52
107:     6.44,     2.31,     0.49
108:     1.06,     4.29,     0.97
109:    -0.64,     3.21,    -0.05
110:    -1.58,    -1.20,    -0.39
111:     0.59,     1.53,     7.87
112:     1.18,     1.86,     1.85
113:     1.06,     0.85,    -3.93
114:     1.05,    -3.38,     9.23
115:     1.50,    -1.49,     1.06
116:     0.79,     1.03,    -6.76
117:    -1.50,     2.25,     0.49
118:    -4.21,     2.62,    -0.94
119:    -3.15,    -0.29,    -2.59
120:    -0.52,     0.87,     5.99
121:    -1.73,     0.37,    -0.52
122:    -1.83,    -0.99,    -6.40
123:     1.26,    -3.52,     7.84
124:     0.30,    -2.74,    -0.66
125:    -1.39,    -1.06,    -7.82
126:    -3.91,    -3.77,     0.68
127:    -9.05,    -1.27,    -1.01
128:    -7.02,     0.11,    -4.35
129:    -1.39,     0.32,    -1.91
130:    -5.75,    -1.56,    -3.53
131:    -6.81,    -3.79,    -5.27
132:     0.52,     2.57,    -2.24
133:    -0.78,    -0.73,    -2.77
134:    -3.90,    -4.59,    -2.13
135:    -1.53,    -0.79,    -0.39
136:     0.03,    -4.59,    -0.43
137:     4.50,    -6.12,    -0.40
138:     1.12,     1.08,    -3.49
139:     0.59,    -1.67,    -5.92
140:     0.40,    -5.96,    -2.57
141:     0.89,     0.72,    -5.98
142:    -0.91,     0.98,    -9.45
143:    -3.28,    -3.19,    -4.62
144:    -3.35,     0.02,    -2.36
145:     1.54,    -3.46,    -3.79
146:     8.99,    -5.63,    -4.86
147:    -1.93,    -0.77,    -5.84
148:    -0.44,    -2.68,    -7.93
149:     2.50,    -3.90,    -3.99
150:    -1.17,    -1.36,    -6.95
151:    -2.86,    -0.64,    -8.99
152:    -3.71,    -1.68,    -2.43
153:    -7.34,     0.22,    -3.86
154:     0.45,    -0.01,    -6.57
155:    10.55,    -1.30,    -7.24
156:    -7.07,    -3.48,    -5.17
157:    -3.69,    -4.13,    -5.22
158:     2.44,    -1.14,    -3.21
159:    -3.66,    -4.27,    -2.19
160:    -5.52,    -5.31,    -0.91
161:    -5.02,    -1.57,     0.91
162:     0.99,    -3.16,     9.65
163:     1.49,    -1.47,     1.40
164:     0.82,     0.96,    -6.69
165:     1.86,    -7.13,     5.55
166:    -0.13,    -4.25,    -1.63
167:    -1.89,     0.25,    -7.39
168:     2.63,    -7.89,    -2.23
169:    -3.12,    -4.05,    -5.60
170:    -5.52,    -0.62,    -4.93
171:     1.15,    -2.92,     7.81
172:     0.23,    -2.55,    -0.43
173:    -1.44,    -1.32,    -7.49
174:     1.63,    -7.73,     6.49
175:    -0.49,    -4.64,    -1.06
176:    -2.62,     0.25,    -6.83
177:     0.08,   -11.06,     2.92
178:    -4.58,    -4.58,    -2.09
179:    -5.43,     2.52,    -4.07
180:     0.38,     2.83,    -2.87
181:    -1.01,    -0.49,    -3.10
182:    -4.19,    -4.75,    -1.99
183:    -0.54,     1.10,     1.12
184:     0.50,     0.25,     0.84
185:    -1.05,    -1.72,     1.32
186:    -4.11,    -3.84,     7.87
187:    -3.06,    -0.22,     5.38
188:    -0.23,     2.87,     1.71
189:     1.00,     0.87,    -5.97
190:    -0.76,     0.70,    -9.12
191:    -3.29,    -3.88,    -4.40
192:    -1.70,    -0.21,    -6.85
193:    -2.06,     2.01,    -8.13
194:    -0.91,     0.22,    -3.90
195:    -5.54,    -1.07,    -5.16
196:    -2.00,     1.24,    -2.25
197:     6.40,     2.38,     0.45
198:    -1.25,    -1.25,    -7.31
199:    -2.70,    -0.67,    -9.10
200:    -3.40,    -2.07,    -2.11
201:    -2.50,    -0.07,    -6.70
202:    -3.40,     2.51,    -7.19
203:    -2.58,     0.35,    -0.46
204:    -5.61,     1.93,    -4.16
205:    -1.82,     4.53,    -2.43
206:     4.12,     1.14,     1.39
207:    -4.09,    -4.58,    -2.42
208:    -5.39,    -4.98,    -1.51
209:    -4.44,    -1.00,     0.74
210:    -1.04,    -1.66,     0.95
211:    -3.82,    -2.19,     0.95
212:    -5.49,    -1.45,     2.38
213:    -0.47,     2.73,     1.81
214:     0.68,     2.66,    -0.24
215:    -0.22,    -1.50,     0.96
