pa1-debug-f-auxilliary1.txt
EM distortion factor =     0.0200
EM noise =       0.20
Optical tracker jiggle factor =     0.0100
EM pivot post actual position =   194.46,   207.25,   190.09
EM pivot post est    position =   192.35,   219.12,   193.70
Optical pivot post actual position =   402.15,   405.80,   201.26
Optical pivot post est    position =   402.15,   405.80,   201.26
Cal EM observed - cal EM estimated
  0:    -0.86,     9.28,     1.86
  1:    -1.19,     1.20,     0.50
  2:    -0.76,    -6.10,    -1.30
  3:    -3.76,     4.92,     3.44
  4:    -0.86,    -2.13,     3.26
  5:     0.61,    -6.96,     1.83
  6:    -4.15,     1.07,     2.62
  7:     0.03,    -2.72,     4.42
  8:     1.64,    -4.26,     5.46
  9:     0.23,     5.39,    -3.11
 10:     0.94,    -0.99,    -2.94
 11:     0.72,    -6.69,    -4.31
 12:    -3.24,     1.39,     5.99
 13:    -1.27,    -1.71,     4.79
 14:    -0.30,    -4.15,     1.08
 15:    -4.09,    -2.15,    10.16
 16:    -1.97,    -1.10,     8.63
 17:    -0.58,    -0.24,     5.61
 18:     1.34,     1.66,    -6.94
 19:     1.18,    -1.48,    -4.29
 20:     0.17,    -3.64,    -3.75
 21:    -1.95,    -2.23,     5.30
 22:    -1.90,    -0.25,     4.66
 23:    -1.76,     0.82,     1.18
 24:    -2.92,    -5.58,    12.44
 25:    -3.55,     0.48,     9.22
 26:    -3.28,     3.93,     4.47
 27:    -0.81,    -5.58,    -1.18
 28:    -1.03,    -8.37,    -1.78
 29:    -2.50,    -6.72,    -1.18
 30:     0.61,    -6.91,     1.84
 31:    -1.76,    -4.72,     1.47
 32:    -6.75,     3.04,     3.02
 33:     1.65,    -4.37,     5.39
 34:    -1.92,     0.48,     6.48
 35:    -7.94,     8.97,     7.78
 36:     0.83,    -6.39,    -4.07
 37:    -1.55,    -7.22,    -7.48
 38:    -5.79,    -3.58,   -11.07
 39:    -0.26,    -4.19,     1.26
 40:    -2.20,    -3.71,    -2.43
 41:    -6.39,    -0.05,    -3.62
 42:    -0.49,    -0.36,     5.62
 43:    -1.04,     0.48,     4.41
 44:    -2.79,     2.06,     5.86
 45:     0.31,    -3.55,    -3.51
 46:    -1.83,    -2.20,    -7.95
 47:    -4.96,     1.98,   -14.73
 48:    -1.76,     0.78,     1.42
 49:    -2.31,     0.13,    -3.08
 50:    -3.79,    -0.82,    -6.43
 51:    -3.23,     3.87,     4.52
 52:    -1.51,     1.50,     2.07
 53:     0.89,    -4.07,     2.53
 54:    -4.21,     1.12,     3.01
 55:    -0.07,    -2.79,     4.69
 56:     1.51,    -4.39,     5.26
 57:    -1.28,     1.99,     0.12
 58:     1.21,     0.43,     3.26
 59:     1.89,    -0.42,     7.30
 60:     3.29,     6.85,    -4.34
 61:     1.42,     5.27,    -0.17
 62:     0.62,     2.63,     6.74
 63:    -4.21,    -2.05,    10.26
 64:    -2.18,    -1.18,     8.69
 65:    -0.81,    -0.40,     5.24
 66:    -0.97,    -2.82,     6.56
 67:    -0.27,     0.93,     6.37
 68:    -0.04,     3.26,     6.55
 69:     5.13,    -1.42,    -3.96
 70:     3.35,     2.83,    -1.63
 71:     0.84,     5.18,     3.88
 72:    -2.98,    -5.47,    12.05
 73:    -3.53,     0.32,     9.07
 74:    -3.30,     3.80,     4.22
 75:     0.55,    -7.38,     9.64
 76:    -1.82,     0.45,     7.19
 77:    -3.48,     5.18,     4.56
 78:     7.37,    -7.80,    -1.88
 79:     2.70,    -0.48,    -0.69
 80:    -2.48,     4.77,     1.71
 81:     1.57,    -4.71,     5.08
 82:    -1.53,    -0.32,     6.02
 83:    -7.33,     8.02,     7.66
 84:     1.95,    -0.79,     6.98
 85:    -0.32,     2.18,     9.53
 86:    -3.92,     6.94,     9.20
 87:     0.63,     2.53,     6.40
 88:     0.80,     2.16,     9.46
 89:     1.17,     2.87,     5.94
 90:    -0.74,    -0.80,     5.34
 91:    -1.12,     0.06,     3.56
 92:    -2.53,     1.22,     4.87
 93:     0.01,     2.92,     6.59
 94:     0.71,     3.23,     7.65
 95:     2.32,     1.75,     8.63
 96:     1.01,     5.01,     3.72
 97:     1.44,     5.20,     6.52
 98:     4.63,     3.16,     4.08
 99:    -3.24,     3.46,     4.51
100:    -1.96,     1.89,     1.46
101:     0.23,    -3.64,     1.53
102:    -3.39,     4.98,     4.87
103:    -1.44,     3.44,     3.66
104:     4.30,    -3.60,     4.01
105:    -2.13,     4.58,     1.81
106:    -1.73,     5.15,     1.71
107:     4.86,     0.96,    -1.48
108:     1.29,     1.88,    -6.75
109:     1.25,    -1.45,    -4.27
110:     0.36,    -4.14,    -3.97
111:    -2.06,    -2.10,     5.46
112:    -1.91,    -0.38,     4.84
113:    -1.63,     0.30,     1.26
114:    -3.00,    -5.56,    12.49
115:    -3.52,     0.32,     9.41
116:    -3.10,     3.61,     4.72
117:     1.09,    -0.58,    -6.20
118:    -0.60,    -0.68,    -1.93
119:    -1.47,     0.62,    -0.23
120:    -0.23,    -4.58,     2.88
121:    -1.64,     0.65,     3.24
122:    -2.47,     4.27,     1.73
123:     0.29,    -7.44,     8.04
124:    -2.22,     1.00,     5.59
125:    -4.07,     5.68,     2.54
126:    -1.17,    -2.87,    -0.20
127:    -3.73,     0.19,     3.85
128:    -2.93,     4.80,     5.34
129:     0.87,    -6.01,     0.50
130:    -0.84,     0.30,     1.04
131:    -2.14,     5.57,     2.23
132:     4.06,    -6.58,    -0.82
133:     1.32,     0.97,    -1.76
134:    -2.81,     5.06,    -0.31
135:     0.53,    -4.28,    -4.13
136:    -1.77,    -2.90,    -8.31
137:    -5.22,     1.46,   -14.79
138:    -1.50,     0.14,     1.20
139:    -2.26,    -0.24,    -3.22
140:    -3.98,    -0.79,    -6.41
141:    -3.15,     3.45,     4.78
142:    -1.65,     1.72,     2.08
143:     0.62,    -3.46,     2.60
144:    -1.50,     0.30,    -0.15
145:    -1.45,     2.64,    -3.52
146:    -1.40,     4.55,   -10.26
147:    -2.34,     4.02,     1.86
148:    -2.31,     3.42,    -0.71
149:    -1.74,    -0.44,    -3.66
150:    -3.91,     5.58,     2.67
151:    -3.13,     2.92,     1.08
152:     0.04,    -5.08,     1.30
153:    -3.32,     4.41,     5.60
154:     0.35,     6.01,     4.49
155:     4.11,     2.93,     0.66
156:    -2.07,     5.22,     2.30
157:    -1.85,     5.41,     3.28
158:    -0.37,     0.69,     2.78
159:    -2.34,     4.97,    -0.47
160:    -4.28,     3.36,     1.16
161:    -2.97,    -2.60,     2.02
162:    -3.18,    -5.02,    12.31
163:    -3.51,     0.49,     8.98
164:    -2.89,     3.13,     4.12
165:     0.44,    -6.28,     9.13
166:    -1.89,     1.24,     6.99
167:    -2.80,     5.05,     4.91
168:     7.20,    -6.28,    -2.81
169:     2.18,     0.98,    -0.54
170:    -1.78,     5.40,     2.50
171:    -0.00,    -6.92,     8.01
172:    -2.40,     1.41,     5.44
173:    -3.84,     5.64,     2.37
174:     3.49,    -7.60,     5.79
175:    -1.86,     0.98,     4.24
176:    -5.25,     5.22,     2.30
177:     8.49,    -6.93,    -2.86
178:    -0.40,    -0.44,     0.08
179:    -6.10,     3.75,     1.07
180:     3.82,    -6.31,    -0.72
181:     0.98,     1.26,    -1.46
182:    -2.75,     5.29,     0.01
183:     6.97,    -4.23,    -2.85
184:     0.37,     1.31,    -1.69
185:    -5.27,     3.43,    -0.38
186:     8.10,    -1.22,    -5.09
187:    -3.04,     0.42,     0.11
188:    -8.86,     1.11,     0.98
189:    -3.10,     3.35,     4.56
190:    -1.67,     1.50,     1.77
191:     0.16,    -3.29,     2.10
192:    -2.92,     5.01,     4.95
193:    -0.60,     3.18,     4.37
194:     4.78,    -3.08,     5.14
195:    -1.59,     5.03,     1.98
196:    -0.52,     5.28,     2.42
197:     5.77,     1.24,    -0.36
198:    -3.87,     5.62,     2.54
199:    -2.99,     2.70,     1.01
200:     0.04,    -5.15,     1.13
201:    -5.21,     5.01,     2.39
202:    -3.49,     2.32,     0.93
203:     3.17,    -5.89,     0.64
204:    -5.89,     3.33,     1.05
205:    -4.24,     3.19,    -1.43
206:     4.65,    -1.65,    -5.84
207:    -2.48,     5.06,    -0.37
208:    -4.22,     3.18,     1.30
209:    -2.72,    -2.92,     2.10
210:    -5.03,     3.24,    -0.46
211:    -5.71,     0.87,    -0.82
212:    -1.26,    -4.76,    -1.99
213:    -8.86,     0.99,     1.33
214:    -6.48,    -0.54,    -2.53
215:     2.41,    -4.40,    -8.43
