pa1-debug-g-auxilliary1.txt
EM distortion factor =     0.0200
EM noise =       0.20
Optical tracker jiggle factor =     0.0100
EM pivot post actual position =   203.40,   198.78,   190.44
EM pivot post est    position =   206.05,   204.26,   192.64
Optical pivot post actual position =   396.41,   401.91,   203.86
Optical pivot post est    position =   396.41,   401.91,   203.86
Cal EM observed - cal EM estimated
  0:     1.67,     4.05,     1.71
  1:    -3.35,    -0.13,     4.90
  2:    -7.24,    -2.96,     4.34
  3:     0.94,     1.03,    -1.69
  4:    -2.67,     1.65,     2.37
  5:    -4.64,     3.59,     5.33
  6:     0.88,    -0.70,    -3.52
  7:    -0.31,     1.98,    -1.33
  8:    -0.46,     5.72,     2.65
  9:     1.84,     5.12,    -2.60
 10:     0.89,     2.97,    -0.20
 11:    -2.20,    -0.08,     0.51
 12:     1.77,     1.90,    -4.11
 13:     0.09,     0.76,     2.05
 14:    -2.00,     1.17,     4.85
 15:     2.14,    -2.31,    -4.93
 16:    -0.18,    -1.93,     2.55
 17:    -1.09,     1.82,     6.64
 18:     2.88,     4.11,    -7.76
 19:     2.08,     3.58,    -5.57
 20:    -1.33,     1.17,    -2.48
 21:     1.95,     1.12,    -5.99
 22:     0.29,     0.00,    -0.81
 23:    -1.88,    -0.07,     1.40
 24:     1.15,    -3.78,    -3.65
 25:    -1.11,    -3.48,     2.88
 26:    -1.56,    -0.16,     4.44
 27:    -6.98,    -2.49,     4.64
 28:    -8.12,    -0.72,     0.81
 29:    -7.57,     4.27,    -4.81
 30:    -4.42,     3.82,     5.08
 31:    -4.08,     5.58,     5.02
 32:    -2.67,     5.95,     1.40
 33:    -0.20,     5.74,     1.69
 34:     0.49,     7.20,     4.97
 35:     1.78,     5.82,     5.26
 36:    -1.91,     0.25,     0.99
 37:    -4.83,     0.89,    -1.33
 38:    -5.87,     5.23,    -5.69
 39:    -1.83,     1.14,     5.25
 40:    -2.42,     4.17,     2.58
 41:    -1.09,     8.32,    -3.88
 42:    -0.97,     1.66,     6.32
 43:     0.34,     5.84,     4.70
 44:     3.15,     8.52,    -1.27
 45:    -1.23,     1.15,    -2.22
 46:    -3.09,     1.38,    -2.34
 47:    -0.43,     4.71,    -5.40
 48:    -1.68,    -0.37,     2.23
 49:    -1.12,     2.43,    -1.27
 50:     3.03,     6.82,    -8.05
 51:    -1.69,    -0.53,     5.25
 52:     0.88,     3.66,     0.73
 53:     5.30,     6.36,    -6.75
 54:     0.80,    -0.69,    -3.39
 55:    -0.35,     1.86,    -1.42
 56:    -0.38,     5.48,     2.55
 57:     2.14,     0.30,    -1.91
 58:     2.69,     1.70,    -3.03
 59:     2.93,     2.71,    -1.33
 60:     5.29,     2.48,     2.03
 61:     6.03,     2.26,    -1.12
 62:     4.92,    -0.73,    -3.16
 63:     2.21,    -1.80,    -5.24
 64:    -0.05,    -2.02,     2.09
 65:    -1.11,     1.46,     6.61
 66:     3.06,    -4.25,    -5.05
 67:     0.43,    -2.76,    -0.01
 68:    -0.75,     1.83,     4.02
 69:     4.29,    -4.23,    -3.09
 70:     1.51,    -0.23,    -2.64
 71:    -1.20,     3.36,    -1.25
 72:     1.41,    -3.15,    -4.46
 73:    -0.86,    -3.61,     2.32
 74:    -1.68,    -0.55,     4.53
 75:     1.02,    -6.73,    -3.88
 76:    -1.87,    -4.72,     1.55
 77:    -2.61,     1.10,     4.09
 78:     0.94,    -7.01,    -4.04
 79:    -2.56,    -2.04,    -2.91
 80:    -5.30,     4.41,    -0.37
 81:    -0.59,     5.46,     2.03
 82:     0.25,     7.24,     5.01
 83:     1.69,     6.06,     5.28
 84:     3.00,     2.97,    -1.91
 85:     2.98,     2.74,     0.69
 86:     2.83,     1.79,     2.66
 87:     5.46,    -0.55,    -3.32
 88:     3.38,    -4.36,    -4.34
 89:     0.33,    -5.74,    -4.41
 90:    -1.10,     1.28,     6.41
 91:     0.10,     5.58,     4.82
 92:     2.96,     8.49,    -1.12
 93:    -0.49,     1.50,     3.68
 94:     0.79,     4.49,     3.51
 95:     3.68,     4.51,    -0.12
 96:    -0.41,     2.84,    -1.32
 97:    -0.99,     2.26,    -1.05
 98:     0.71,    -1.51,    -1.94
 99:    -1.70,    -0.82,     4.90
100:     0.66,     3.33,     0.66
101:     5.13,     6.29,    -6.72
102:    -2.65,     0.72,     4.35
103:    -0.07,     4.50,     2.26
104:     4.38,     3.82,    -2.56
105:    -5.01,     4.16,    -0.59
106:    -3.97,     5.75,     1.14
107:     1.14,     1.00,     1.26
108:     2.68,     4.24,    -7.34
109:     1.96,     3.47,    -4.85
110:    -1.32,     1.08,    -1.99
111:     1.91,     0.99,    -5.74
112:     0.36,    -0.27,     0.06
113:    -1.63,    -0.08,     2.45
114:     1.52,    -3.86,    -4.22
115:    -0.89,    -3.72,     3.15
116:    -1.52,    -0.05,     5.61
117:     4.48,     2.38,    -9.75
118:    -0.57,     1.20,    -6.50
119:    -5.45,    -0.50,    -1.57
120:     1.57,    -0.12,    -5.61
121:    -2.00,    -0.44,    -3.44
122:    -4.27,    -0.04,    -2.11
123:    -1.02,    -3.58,    -0.84
124:    -2.37,    -2.18,    -0.16
125:    -1.72,     0.57,    -1.71
126:     6.00,     1.11,    -7.83
127:    -5.27,    -2.01,    -2.91
128:   -11.82,    -3.59,     3.07
129:     0.91,     0.31,    -3.54
130:    -5.11,     1.13,    -6.54
131:    -7.79,     1.62,    -6.68
132:    -3.84,     0.21,     3.06
133:    -3.27,     2.73,    -6.08
134:    -0.96,     3.59,   -12.82
135:    -1.16,     1.15,    -2.06
136:    -3.11,     1.49,    -2.46
137:    -0.72,     4.92,    -5.55
138:    -1.62,    -0.25,     2.40
139:    -1.11,     2.66,    -1.32
140:     2.91,     7.15,    -8.17
141:    -1.62,    -0.33,     5.40
142:     0.99,     3.88,     0.64
143:     5.36,     6.63,    -6.96
144:    -5.32,    -0.46,    -1.92
145:    -4.74,    -0.33,    -0.07
146:     3.62,     1.56,    -2.33
147:    -4.44,    -0.09,    -2.33
148:    -1.86,     1.26,    -4.06
149:     6.33,     2.38,    -7.03
150:    -1.90,     0.53,    -2.21
151:     1.87,     2.11,    -5.75
152:     7.35,     1.23,    -7.52
153:   -11.66,    -3.65,     2.71
154:    -8.33,    -4.03,     5.23
155:     4.00,    -3.95,     1.41
156:    -8.11,     1.66,    -6.81
157:    -4.04,     0.38,    -4.59
158:     6.75,    -3.79,    -1.39
159:    -1.40,     3.91,   -13.04
160:     2.64,     1.58,   -12.70
161:     7.67,    -4.51,    -2.56
162:     1.46,    -3.41,    -4.32
163:    -0.85,    -3.55,     2.72
164:    -1.59,    -0.36,     4.87
165:     1.17,    -6.91,    -3.93
166:    -1.86,    -4.30,     1.89
167:    -2.44,     1.49,     4.53
168:     1.29,    -6.70,    -4.38
169:    -2.55,    -1.05,    -2.79
170:    -5.02,     4.92,    -0.07
171:    -0.89,    -3.04,    -1.06
172:    -2.44,    -1.77,    -0.98
173:    -2.13,     0.68,    -2.97
174:    -2.80,    -5.31,     1.27
175:    -2.88,    -2.53,     0.44
176:    -1.15,     1.07,    -1.85
177:    -3.21,    -4.50,    -0.10
178:    -3.99,    -1.47,    -0.75
179:    -4.01,     1.39,     0.09
180:    -3.36,     0.34,     3.09
181:    -3.59,     3.07,    -6.22
182:    -1.99,     4.13,   -13.43
183:    -6.51,     0.58,     7.84
184:    -2.54,     2.15,    -2.40
185:     2.05,     1.21,   -11.59
186:    -6.54,     1.09,     7.70
187:    -2.51,    -1.30,     3.33
188:     0.92,    -5.30,    -1.15
189:    -1.64,    -0.65,     5.23
190:     0.72,     3.58,     0.84
191:     5.13,     6.57,    -6.69
192:    -2.57,     0.96,     4.60
193:     0.01,     4.68,     2.47
194:     4.44,     3.95,    -2.53
195:    -4.72,     4.41,    -0.64
196:    -3.72,     5.64,     0.93
197:     1.26,     0.67,     0.86
198:    -2.16,     0.39,    -2.24
199:     1.54,     2.06,    -5.68
200:     7.11,     1.30,    -7.52
201:    -1.68,     0.74,    -0.92
202:     1.50,     2.24,    -2.88
203:     4.80,    -0.08,    -2.87
204:    -4.65,     1.63,    -0.12
205:    -3.09,     2.41,     1.74
206:     0.80,    -0.65,     3.47
207:    -1.82,     4.00,   -12.88
208:     2.38,     1.78,   -12.94
209:     7.45,    -4.26,    -3.04
210:     1.47,     1.02,    -9.78
211:     4.58,    -1.87,   -10.96
212:     4.53,    -5.57,    -0.91
213:    -0.08,    -4.61,     0.25
214:     0.74,    -7.09,     0.04
215:    -0.71,    -6.19,     3.81
