27, 125, pa2-debug-c-output1.txt
  196.76,   194.97,   204.59
  393.70,   397.27,   200.98
  100.44,    99.76,   101.78
   98.67,    98.63,   226.70
   96.97,    97.77,   351.80
   97.96,   224.75,   103.05
   96.19,   223.68,   227.90
   94.48,   222.80,   352.61
   95.71,   349.92,   103.99
   93.81,   348.80,   228.93
   91.92,   347.68,   353.51
  225.41,   102.30,   103.57
  223.68,   101.11,   228.62
  221.99,   100.30,   353.87
  222.89,   227.32,   104.89
  221.07,   226.22,   229.79
  219.63,   225.40,   354.64
  220.60,   352.11,   106.24
  218.70,   351.19,   230.80
  217.02,   350.33,   355.16
  350.36,   104.93,   105.47
  348.43,   103.97,   230.37
  346.65,   102.94,   355.36
  347.75,   229.73,   106.51
  345.82,   228.78,   231.37
  344.22,   228.15,   356.34
  345.43,   354.55,   107.70
  343.56,   353.52,   232.72
  341.78,   352.72,   357.53
  100.34,   101.51,   225.64
  100.93,   101.96,   350.77
  101.34,   102.44,   475.69
  102.27,   226.59,   225.60
  102.87,   227.00,   350.33
  103.39,   227.41,   475.26
  104.30,   351.74,   225.35
  104.72,   351.93,   349.84
  105.17,   352.24,   474.76
  225.37,    99.61,   225.26
  225.95,   100.11,   350.53
  226.55,   100.53,   475.60
  227.16,   224.74,   225.17
  227.97,   225.23,   350.04
  228.76,   225.66,   475.10
  229.20,   349.70,   224.95
  229.78,   350.16,   349.35
  230.32,   350.41,   474.18
  350.18,    98.09,   224.76
  350.64,    98.32,   349.74
  351.14,    98.59,   474.91
  351.93,   222.91,   224.44
  352.58,   223.57,   349.42
  353.21,   223.97,   474.59
  354.07,   347.64,   224.54
  354.56,   348.15,   349.42
  355.01,   348.49,   474.37
   99.84,    99.96,   348.52
  102.42,    98.62,   473.43
  104.89,    97.21,   598.19
  100.86,   225.00,   349.88
  103.55,   223.60,   474.78
  106.04,   222.16,   599.92
  101.79,   349.93,   351.21
  104.41,   348.44,   476.09
  106.96,   346.85,   601.44
  224.85,    99.05,   346.10
  227.58,    97.66,   471.14
  230.22,    96.06,   595.91
  225.95,   224.18,   347.42
  228.90,   222.81,   472.45
  231.62,   221.09,   597.64
  226.84,   349.12,   348.52
  229.55,   347.56,   473.33
  232.03,   345.79,   598.68
  349.52,    98.24,   343.14
  352.18,    96.68,   468.27
  354.73,    95.07,   593.49
  350.54,   223.47,   344.62
  353.33,   222.08,   469.74
  355.94,   220.19,   594.99
  351.60,   348.07,   346.40
  354.22,   346.61,   471.32
  356.68,   344.84,   596.34
  100.34,   102.09,   475.46
  103.08,   102.95,   600.25
  105.61,   103.60,   725.13
   99.07,   227.07,   474.61
  101.84,   227.87,   599.76
  104.31,   228.68,   725.08
   97.55,   351.91,   473.79
  100.40,   352.58,   599.10
  103.13,   353.25,   724.68
  225.55,   103.48,   472.95
  228.48,   104.12,   597.76
  230.99,   104.44,   722.59
  224.44,   228.59,   472.01
  227.42,   229.13,   597.20
  230.10,   229.47,   722.45
  222.72,   353.35,   470.66
  225.45,   353.84,   596.02
  228.13,   354.19,   721.54
  350.12,   104.87,   469.78
  352.96,   105.48,   595.04
  355.63,   105.88,   720.29
  348.88,   230.18,   469.07
  351.76,   230.53,   594.29
  354.47,   230.67,   719.54
  347.39,   354.70,   468.41
  350.12,   355.20,   593.43
  352.80,   355.54,   718.45
  100.31,   100.36,   598.86
   99.33,   103.33,   723.77
   98.43,   105.99,   848.82
  101.40,   225.27,   596.06
  100.36,   228.37,   721.35
   99.44,   231.48,   846.48
  102.28,   349.95,   593.06
  101.50,   352.90,   718.64
  100.71,   356.04,   843.81
  225.73,    99.26,   599.86
  224.76,   101.89,   724.68
  223.47,   104.73,   849.78
  227.03,   224.25,   597.05
  226.19,   226.89,   722.28
  224.86,   229.96,   847.32
  227.38,   348.94,   593.55
  226.55,   351.57,   719.06
  225.91,   354.84,   844.16
  350.25,    98.30,   600.72
  349.43,   101.02,   725.93
  348.68,   103.97,   850.76
  351.40,   223.37,   597.69
  350.63,   225.79,   722.94
  349.69,   228.42,   847.78
  352.07,   348.02,   594.50
  351.25,   350.62,   719.52
  350.79,   353.51,   844.41
  100.92,   225.89,    98.97
   99.93,   227.39,   223.85
   99.03,   229.08,   348.55
  101.24,   351.04,    97.38
  100.13,   352.54,   222.33
   99.05,   354.00,   346.85
  101.42,   475.99,    95.80
  100.30,   477.53,   220.81
   99.19,   478.97,   345.27
  225.89,   225.91,    99.99
  224.83,   227.38,   224.91
  224.16,   229.15,   349.74
  226.17,   350.72,    98.79
  225.05,   352.35,   223.41
  224.14,   354.09,   347.77
  226.28,   475.68,    97.24
  225.19,   477.41,   221.89
  224.21,   479.00,   346.14
  350.79,   225.79,   100.81
  349.62,   227.39,   225.67
  348.80,   229.34,   350.64
  351.04,   350.63,    99.42
  349.94,   352.13,   224.48
  348.94,   353.92,   349.33
  351.24,   475.68,    97.95
  350.18,   477.14,   223.11
  349.03,   478.63,   347.98
   98.94,   224.47,   226.84
   95.83,   224.26,   351.51
   92.61,   224.05,   476.39
  100.45,   349.61,   227.26
   97.17,   349.18,   351.77
   93.90,   348.88,   476.70
  101.92,   474.60,   227.66
   98.61,   474.14,   352.11
   95.26,   473.87,   477.03
  223.81,   223.13,   230.10
  220.96,   222.99,   354.93
  218.06,   222.79,   479.96
  225.32,   348.11,   230.51
  222.23,   347.94,   354.87
  219.09,   347.56,   479.67
  226.77,   473.17,   230.92
  223.59,   472.84,   355.13
  220.25,   472.43,   479.81
  348.55,   221.83,   233.04
  345.54,   221.87,   358.00
  342.51,   221.61,   483.14
  350.16,   346.58,   233.79
  346.97,   346.47,   358.60
  343.75,   346.17,   483.50
  351.71,   471.54,   234.38
  348.36,   471.15,   359.19
  344.96,   470.81,   483.98
   98.28,   225.56,   350.10
   98.21,   225.14,   475.03
   97.94,   224.66,   600.20
   95.65,   350.46,   350.54
   95.51,   349.95,   475.48
   95.35,   349.36,   600.83
   93.13,   475.39,   351.11
   92.90,   474.92,   476.04
   92.72,   474.31,   601.37
  223.40,   228.26,   350.40
  223.61,   227.85,   475.46
  223.58,   227.10,   600.69
  220.74,   353.18,   350.52
  220.70,   352.59,   475.35
  220.43,   351.79,   600.76
  218.16,   478.08,   350.97
  217.93,   477.44,   475.68
  217.49,   476.80,   601.08
  348.01,   231.07,   350.39
  348.07,   230.63,   475.55
  347.96,   229.68,   600.82
  345.51,   355.64,   351.18
  345.39,   355.14,   476.11
  345.11,   354.34,   601.17
  342.95,   480.35,   351.92
  342.66,   479.77,   476.77
  342.32,   479.23,   601.65
  102.18,   226.58,   473.63
  101.24,   223.32,   598.75
  100.00,   220.08,   724.01
  104.30,   351.36,   476.80
  103.44,   347.96,   602.15
  102.48,   344.59,   727.72
  106.49,   476.32,   480.06
  105.58,   472.88,   605.43
  104.73,   469.29,   731.13
  227.55,   224.47,   474.67
  226.87,   220.94,   599.85
  225.85,   217.23,   725.06
  229.45,   349.17,   477.40
  228.53,   345.58,   602.75
  227.57,   341.88,   728.25
  231.46,   473.96,   480.56
  230.35,   470.52,   605.88
  229.41,   466.87,   731.42
  352.00,   222.43,   475.33
  351.22,   218.71,   600.58
  350.28,   214.78,   725.84
  354.13,   346.91,   478.75
  353.19,   343.32,   603.75
  352.22,   339.55,   728.78
  356.20,   471.47,   482.26
  355.21,   468.13,   607.06
  354.39,   464.77,   731.85
  101.82,   224.76,   598.02
  100.26,   222.51,   723.30
   98.85,   220.24,   848.39
  102.32,   349.45,   600.41
  101.04,   347.07,   725.99
   99.72,   344.89,   851.11
  102.77,   474.41,   602.69
  101.60,   471.82,   728.38
  100.46,   469.31,   853.46
  227.45,   224.08,   599.48
  226.12,   221.37,   724.72
  224.24,   219.07,   849.75
  227.41,   348.76,   601.37
  226.12,   346.06,   726.90
  224.95,   344.04,   851.96
  227.55,   473.76,   603.49
  226.28,   471.11,   729.06
  225.43,   468.95,   854.09
  351.82,   223.54,   600.58
  350.56,   220.60,   725.86
  349.10,   217.89,   850.71
  352.10,   348.19,   602.75
  350.80,   345.44,   727.79
  349.85,   342.99,   852.69
  352.42,   473.06,   605.05
  351.28,   470.71,   729.87
  350.55,   468.39,   854.74
   98.28,   349.01,   101.78
   95.67,   351.98,   226.67
   93.06,   354.92,   351.18
  101.62,   473.89,    98.80
   98.99,   476.90,   223.73
   96.37,   479.83,   348.17
  104.73,   598.59,    95.83
  102.25,   601.66,   220.85
   99.80,   604.88,   345.36
  223.14,   345.56,   104.77
  220.53,   348.70,   229.32
  218.12,   351.92,   353.63
  226.42,   470.45,   101.81
  223.82,   473.69,   226.37
  221.34,   476.76,   350.56
  229.49,   595.38,    98.43
  227.06,   598.61,   223.44
  224.65,   601.64,   347.99
  347.93,   342.35,   107.00
  345.34,   345.39,   231.98
  342.85,   348.67,   356.76
  351.31,   467.33,   104.11
  348.74,   470.29,   229.20
  346.09,   473.29,   353.99
  354.55,   592.53,   101.01
  351.93,   595.58,   226.12
  349.20,   598.39,   351.06
   99.95,   350.69,   226.70
  102.88,   350.18,   351.17
  105.86,   349.80,   476.04
   98.20,   475.66,   227.19
  101.09,   475.14,   351.62
  103.95,   474.79,   476.44
   96.40,   600.50,   227.76
   99.44,   600.24,   352.29
  102.34,   599.95,   477.08
  224.83,   352.42,   223.79
  227.91,   352.17,   348.15
  230.96,   351.72,   472.95
  223.05,   477.48,   224.29
  226.06,   477.07,   348.52
  228.91,   476.56,   473.21
  221.22,   602.46,   224.79
  224.32,   602.02,   349.37
  227.10,   601.65,   474.12
  349.67,   354.11,   220.88
  352.66,   353.90,   345.72
  355.62,   353.55,   470.63
  348.00,   479.12,   221.53
  350.84,   478.62,   346.39
  353.63,   478.18,   471.24
  346.10,   604.49,   221.87
  348.88,   603.82,   346.86
  351.62,   603.21,   471.78
   99.94,   348.57,   349.97
   99.68,   345.03,   474.85
   99.39,   341.40,   600.17
  101.78,   473.49,   353.50
  101.42,   469.96,   478.36
  101.07,   466.30,   603.70
  103.75,   598.54,   357.28
  103.42,   595.08,   482.07
  103.05,   591.44,   607.26
  225.03,   346.93,   350.08
  224.88,   343.32,   474.88
  224.53,   339.50,   600.23
  226.79,   471.77,   353.55
  226.43,   468.11,   478.22
  225.87,   464.41,   603.56
  228.64,   596.67,   357.51
  228.20,   593.13,   482.24
  227.68,   589.66,   607.33
  349.80,   345.06,   350.77
  349.57,   341.55,   475.66
  349.19,   337.71,   600.68
  351.59,   469.69,   354.58
  351.18,   466.10,   479.38
  350.73,   462.51,   604.20
  353.24,   594.78,   358.21
  352.78,   591.04,   483.09
  352.41,   587.55,   607.89
   98.98,   351.63,   475.10
   96.81,   348.92,   600.43
   94.55,   346.23,   725.94
   95.76,   476.57,   477.72
   93.57,   473.83,   603.04
   91.45,   470.93,   728.61
   92.82,   601.67,   480.45
   90.63,   598.92,   605.62
   88.47,   596.08,   731.17
  224.11,   354.82,   477.07
  221.85,   351.91,   602.43
  219.55,   348.90,   727.97
  220.73,   479.64,   479.47
  218.30,   476.88,   604.82
  216.02,   473.90,   730.43
  217.60,   604.69,   482.56
  215.23,   602.15,   607.66
  213.00,   599.40,   733.04
  348.76,   357.92,   479.89
  346.49,   355.01,   604.89
  344.20,   351.95,   729.92
  345.42,   482.52,   482.61
  343.10,   479.87,   607.43
  340.97,   477.19,   732.27
  342.10,   607.52,   485.33
  339.88,   604.96,   610.17
  337.88,   602.51,   734.99
  101.23,   351.65,   600.43
   99.03,   350.56,   726.01
   96.79,   349.65,   851.13
  101.73,   476.63,   601.42
   99.65,   475.35,   727.10
   97.58,   474.10,   852.21
  102.55,   601.84,   602.46
  100.42,   600.64,   728.08
   98.27,   599.11,   853.37
  226.30,   350.92,   602.32
  224.07,   349.51,   727.86
  222.00,   348.82,   852.92
  226.50,   475.94,   603.15
  224.30,   474.60,   728.73
  222.50,   473.72,   853.77
  227.17,   601.25,   604.43
  225.04,   600.16,   729.77
  222.77,   598.81,   854.79
  350.98,   350.29,   604.64
  348.76,   348.84,   729.68
  346.91,   347.72,   854.58
  351.36,   475.19,   605.64
  349.29,   474.15,   730.46
  347.63,   473.13,   855.35
  351.87,   600.31,   606.81
  349.95,   599.51,   731.63
  348.01,   598.53,   856.43
  101.97,   473.93,    99.66
  101.33,   476.19,   224.62
  100.71,   478.38,   349.06
  104.98,   598.64,    97.39
  104.48,   600.97,   222.45
  104.04,   603.44,   346.98
  107.82,   723.47,    94.95
  107.51,   725.76,   220.21
  107.30,   728.42,   345.06
  226.80,   470.55,   100.65
  226.19,   473.03,   225.27
  225.69,   475.35,   349.51
  229.76,   595.50,    97.98
  229.32,   597.98,   223.03
  228.89,   600.25,   347.62
  232.63,   720.48,    95.23
  232.41,   722.79,   220.69
  232.05,   725.19,   345.88
  351.72,   467.49,   100.93
  351.14,   469.69,   226.08
  350.47,   471.93,   350.93
  354.84,   592.70,    98.54
  354.22,   595.01,   223.70
  353.47,   597.06,   348.69
  357.89,   717.95,    96.10
  357.11,   720.43,   221.07
  356.37,   722.38,   346.02
   98.27,   474.79,   224.89
  100.23,   471.37,   349.29
  102.17,   468.14,   474.09
   95.08,   599.55,   228.34
   97.18,   596.40,   352.84
   99.15,   593.22,   477.61
   91.75,   724.42,   231.75
   94.09,   721.46,   356.39
   96.22,   718.24,   481.11
  223.11,   478.03,   222.98
  225.20,   474.74,   347.19
  227.14,   471.36,   471.83
  219.90,   602.94,   226.36
  222.07,   599.62,   350.90
  223.93,   596.36,   475.61
  216.67,   727.65,   229.72
  218.92,   724.52,   354.86
  220.98,   721.51,   479.83
  348.05,   481.11,   221.22
  349.97,   477.72,   346.05
  351.84,   474.41,   470.86
  344.76,   606.40,   224.45
  346.62,   602.84,   349.41
  348.45,   599.36,   474.30
  341.30,   731.70,   227.48
  343.21,   728.09,   352.44
  345.26,   724.63,   477.57
  100.92,   475.64,   348.05
  102.19,   478.41,   472.88
  103.47,   481.03,   598.20
  103.09,   600.71,   345.54
  104.41,   603.54,   470.32
  105.68,   606.22,   595.46
  105.19,   725.72,   343.17
  106.69,   728.58,   467.92
  107.96,   731.28,   592.82
  225.91,   473.72,   346.57
  227.19,   476.33,   471.24
  228.24,   478.94,   596.55
  227.97,   598.64,   344.24
  229.18,   601.36,   469.00
  230.30,   604.20,   594.09
  229.98,   723.58,   342.07
  231.40,   726.53,   467.13
  232.76,   729.43,   592.09
  350.72,   471.42,   346.04
  351.93,   474.09,   470.88
  353.09,   476.79,   595.72
  352.58,   596.57,   343.37
  353.73,   599.08,   468.28
  354.98,   601.85,   593.13
  354.33,   721.91,   340.28
  355.68,   724.39,   465.39
  357.20,   727.17,   590.71
  100.09,   473.09,   475.05
  101.65,   475.36,   600.37
  103.25,   477.46,   726.04
   98.83,   598.24,   472.87
  100.39,   600.54,   598.03
  101.96,   602.76,   723.61
   97.64,   723.31,   470.73
   99.18,   725.60,   595.69
  100.73,   728.09,   720.96
  225.10,   474.49,   473.02
  226.43,   476.74,   598.35
  227.91,   478.80,   723.91
  223.64,   599.55,   471.15
  225.03,   602.02,   596.26
  226.58,   604.34,   721.59
  222.42,   724.73,   469.71
  224.05,   727.28,   594.64
  225.46,   729.63,   719.55
  349.84,   475.71,   472.32
  351.28,   478.05,   597.16
  352.90,   480.41,   721.96
  348.19,   600.72,   470.10
  349.71,   603.14,   594.96
  351.47,   605.72,   719.79
  346.73,   726.05,   467.68
  348.50,   728.48,   592.98
  350.12,   730.79,   718.15
   99.36,   473.70,   601.81
   99.30,   472.22,   727.49
   99.25,   470.80,   852.60
  100.79,   598.90,   603.02
  100.69,   597.51,   728.65
  100.54,   595.78,   853.94
  102.28,   724.01,   604.25
  102.15,   722.91,   729.58
  101.98,   721.54,   855.02
  224.15,   472.41,   601.46
  223.97,   470.87,   727.07
  224.20,   469.79,   852.13
  225.42,   597.71,   602.92
  225.31,   596.41,   728.29
  225.10,   594.88,   853.33
  227.12,   722.99,   604.84
  226.83,   721.76,   729.78
  226.04,   720.26,   854.66
  349.02,   471.07,   601.92
  348.96,   469.80,   726.78
  349.32,   468.59,   851.68
  350.14,   596.17,   603.28
  350.24,   595.17,   728.11
  350.36,   594.00,   852.93
  351.60,   721.51,   604.88
  351.54,   720.24,   730.01
  351.03,   718.89,   854.68
   98.48,   600.36,   100.20
   99.32,   604.12,   225.20
  100.21,   608.05,   349.71
  100.78,   725.17,    96.30
  101.76,   728.92,   221.48
  102.88,   733.03,   346.26
  103.15,   850.30,    92.18
  103.99,   854.08,   217.47
  104.88,   857.95,   342.68
  223.26,   597.72,    99.45
  224.16,   601.66,   224.46
  225.09,   605.39,   349.03
  225.55,   722.66,    95.22
  226.69,   726.42,   220.65
  227.68,   730.29,   345.82
  228.09,   847.92,    91.30
  229.13,   851.71,   216.70
  230.04,   855.42,   342.17
  348.34,   595.46,    98.69
  349.07,   599.24,   223.80
  349.67,   602.75,   348.75
  350.81,   720.67,    94.73
  351.40,   724.61,   219.69
  352.01,   728.04,   344.61
  353.43,   845.59,    91.08
  353.85,   849.45,   215.76
  354.75,   852.98,   340.66
  100.01,   599.64,   226.90
  103.36,   601.15,   351.41
  106.55,   602.64,   476.17
  102.66,   724.48,   225.55
  106.26,   726.18,   350.34
  109.62,   727.68,   475.10
  105.09,   849.67,   223.92
  108.51,   851.13,   349.15
  111.91,   852.41,   474.12
  224.81,   596.97,   223.66
  228.19,   598.29,   348.22
  231.26,   599.67,   472.98
  227.53,   721.78,   222.21
  230.97,   723.25,   347.35
  234.25,   724.85,   472.39
  230.17,   847.08,   220.63
  233.56,   848.40,   346.10
  237.01,   849.76,   471.34
  349.68,   594.32,   220.50
  352.74,   595.43,   345.47
  355.77,   596.59,   470.38
  352.21,   719.75,   218.75
  355.27,   720.77,   343.68
  358.50,   721.91,   468.77
  354.84,   844.66,   217.14
  358.16,   845.79,   342.03
  361.50,   847.06,   467.23
  101.81,   600.12,   347.89
  101.73,   600.62,   472.72
  101.60,   600.95,   597.91
  105.19,   725.14,   347.86
  105.27,   725.67,   472.63
  105.13,   726.03,   597.57
  107.95,   850.10,   347.72
  108.07,   850.40,   472.70
  108.36,   850.74,   597.49
  226.68,   596.81,   347.94
  226.49,   597.22,   472.72
  226.20,   597.71,   597.85
  229.95,   721.76,   348.13
  229.97,   722.39,   473.21
  229.92,   722.96,   598.18
  233.03,   846.91,   347.95
  233.22,   847.30,   473.25
  233.46,   847.62,   598.19
  351.26,   593.49,   348.45
  351.02,   593.68,   473.39
  350.87,   594.14,   598.25
  354.28,   718.82,   347.73
  354.25,   718.99,   472.89
  354.35,   719.44,   598.21
  357.65,   843.84,   347.12
  357.73,   844.14,   472.41
  357.77,   844.56,   597.92
   98.87,   599.23,   474.01
   99.77,   598.95,   599.20
  100.68,   598.56,   724.82
  102.34,   724.29,   474.46
  103.21,   724.03,   599.42
  104.09,   723.94,   724.73
  105.07,   849.04,   475.11
  106.37,   848.76,   599.91
  107.66,   848.78,   724.57
  223.65,   595.92,   472.95
  224.37,   595.80,   598.09
  225.26,   595.51,   723.47
  227.05,   721.09,   474.04
  228.00,   721.05,   599.00
  228.75,   720.82,   723.95
  230.22,   846.00,   474.69
  231.48,   845.73,   599.61
  232.36,   845.55,   724.27
  348.19,   592.47,   472.60
  349.04,   592.31,   597.47
  350.14,   592.30,   722.30
  351.33,   717.77,   472.72
  352.43,   717.61,   598.02
  353.40,   717.36,   723.17
  354.73,   842.93,   472.83
  355.79,   842.74,   598.33
  356.72,   842.37,   723.75
   99.74,   601.72,   600.75
   97.68,   600.21,   726.36
   95.59,   598.39,   851.67
  100.15,   726.82,   602.09
   98.05,   725.59,   727.39
   95.98,   724.16,   852.86
  100.27,   851.58,   603.67
   98.56,   850.48,   728.32
   96.31,   849.58,   853.49
  224.37,   601.59,   602.66
  222.28,   600.19,   728.01
  220.06,   598.52,   853.05
  225.01,   726.87,   604.69
  222.75,   725.53,   729.60
  219.97,   723.93,   854.48
  225.45,   851.51,   606.38
  223.37,   850.28,   730.98
  220.46,   849.35,   855.69
  349.07,   601.10,   605.00
  347.19,   599.98,   729.82
  345.30,   598.69,   854.62
  349.48,   726.45,   606.73
  347.42,   725.05,   731.84
  344.89,   723.58,   856.48
  349.79,   851.53,   608.17
  347.74,   850.05,   733.50
  345.14,   848.35,   858.23
  224.43,   100.81,   100.37
  222.31,    96.92,   225.34
  220.21,    93.44,   350.54
  220.94,   225.75,   104.34
  218.74,   221.97,   229.19
  216.91,   218.47,   354.00
  217.70,   350.46,   108.33
  215.41,   346.88,   232.83
  213.35,   343.35,   357.14
  349.36,   104.33,   102.75
  347.05,   100.70,   227.60
  344.87,    96.96,   352.54
  345.78,   229.07,   106.42
  343.46,   225.45,   231.22
  341.48,   222.14,   356.13
  342.50,   353.80,   110.28
  340.24,   350.12,   235.21
  338.08,   346.67,   359.95
  474.30,   107.81,   105.12
  471.89,   104.27,   229.89
  469.64,   100.41,   354.61
  470.74,   232.45,   108.69
  468.33,   228.94,   233.49
  466.11,   225.58,   358.32
  467.44,   357.19,   112.39
  465.17,   353.39,   237.58
  462.90,   349.92,   362.60
  226.99,   100.11,   225.62
  225.33,    96.88,   350.82
  223.65,    93.57,   475.81
  226.97,   225.20,   229.25
  225.56,   221.98,   354.07
  224.11,   218.69,   479.10
  227.19,   350.15,   232.72
  225.54,   346.88,   357.07
  223.85,   343.41,   481.89
  351.79,   100.36,   227.34
  350.03,    96.87,   352.28
  348.29,    93.38,   477.40
  351.74,   225.16,   230.75
  350.17,   222.11,   355.68
  348.57,   218.77,   480.80
  352.06,   349.86,   234.57
  350.32,   346.67,   359.36
  348.54,   343.29,   484.25
  476.71,   100.39,   229.13
  474.88,    96.76,   353.86
  473.11,    93.29,   478.97
  476.67,   225.13,   232.50
  474.86,   222.01,   357.32
  473.01,   218.61,   482.38
  477.06,   349.62,   236.39
  475.21,   346.40,   361.42
  473.31,   343.04,   486.36
  225.20,   101.68,   349.02
  222.92,   103.85,   474.08
  220.53,   105.78,   598.88
  221.70,   226.73,   346.75
  219.58,   228.88,   471.75
  217.21,   230.71,   596.92
  217.99,   351.63,   344.26
  215.63,   353.59,   469.00
  213.02,   355.37,   594.35
  349.82,   105.51,   351.05
  347.46,   107.53,   476.22
  344.99,   109.40,   601.48
  346.27,   230.64,   349.00
  344.01,   232.75,   474.12
  341.58,   234.36,   599.34
  342.73,   355.17,   347.16
  340.28,   357.22,   472.03
  337.67,   358.99,   597.05
  474.56,   109.22,   353.20
  472.08,   111.25,   478.31
  469.67,   113.23,   603.77
  470.93,   234.32,   351.31
  468.41,   236.36,   476.39
  465.83,   238.02,   601.61
  467.57,   358.67,   349.89
  465.01,   360.74,   474.87
  462.36,   362.60,   599.69
  227.34,   100.09,   476.68
  223.68,    96.73,   601.36
  219.63,    93.10,   726.01
  227.98,   225.19,   479.77
  224.41,   221.71,   604.90
  220.49,   218.09,   730.06
  227.95,   349.90,   482.43
  224.15,   346.37,   607.75
  220.32,   342.76,   733.22
  351.90,    99.65,   480.10
  348.16,    96.24,   605.26
  344.25,    92.70,   730.33
  352.39,   224.97,   483.37
  348.74,   221.29,   608.57
  344.93,   217.42,   733.77
  352.60,   349.47,   486.70
  348.78,   345.92,   611.65
  344.95,   342.23,   736.64
  476.63,    99.27,   483.53
  473.03,    96.01,   608.91
  469.37,    92.62,   734.15
  476.80,   224.51,   486.85
  473.04,   220.89,   612.08
  469.38,   217.10,   737.41
  477.35,   348.94,   490.68
  473.46,   345.48,   615.47
  469.66,   341.94,   740.29
  226.40,    99.37,   602.10
  229.41,    97.64,   726.87
  232.19,    96.14,   851.95
  229.18,   224.36,   603.59
  232.36,   222.63,   728.81
  235.01,   221.33,   853.78
  231.00,   349.04,   604.41
  234.23,   347.33,   729.88
  237.63,   346.30,   854.86
  350.85,    96.95,   598.87
  354.03,    95.36,   724.04
  357.38,    94.04,   848.86
  353.48,   222.03,   600.14
  356.71,   220.10,   725.39
  359.79,   218.35,   850.20
  355.63,   346.67,   601.24
  358.84,   344.93,   726.24
  362.41,   343.45,   851.11
  475.70,    94.74,   595.38
  479.14,    93.32,   720.69
  482.54,    91.98,   845.49
  477.79,   219.70,   596.53
  481.20,   217.87,   721.92
  484.58,   216.06,   846.81
  480.32,   344.28,   597.98
  483.58,   342.71,   722.85
  487.10,   341.16,   847.72
  224.58,   223.18,    99.00
  221.23,   223.74,   223.90
  218.26,   224.60,   348.72
  225.36,   347.99,    98.72
  221.95,   348.73,   223.31
  218.74,   349.57,   347.64
  225.99,   472.96,    98.09
  222.59,   473.79,   222.69
  219.32,   474.50,   346.89
  349.43,   222.55,   102.12
  345.97,   223.26,   226.95
  342.86,   224.31,   351.90
  350.18,   347.39,   101.66
  346.79,   348.02,   226.67
  343.50,   348.92,   351.47
  350.90,   472.44,   101.10
  347.54,   473.01,   226.22
  344.09,   473.62,   351.01
  474.41,   221.98,   105.43
  470.87,   222.82,   230.24
  467.52,   223.80,   355.10
  475.14,   346.82,   104.82
  471.75,   347.35,   230.03
  468.36,   348.23,   355.10
  475.90,   472.01,   104.24
  472.56,   472.39,   229.68
  469.05,   472.93,   354.90
  225.42,   223.93,   225.10
  227.44,   222.78,   349.95
  229.43,   221.58,   475.01
  224.49,   348.91,   226.53
  226.28,   347.72,   350.91
  228.03,   346.33,   475.75
  223.49,   473.97,   227.92
  225.20,   472.62,   352.17
  226.74,   471.17,   476.88
  350.19,   225.09,   223.18
  352.04,   224.12,   348.13
  353.87,   222.88,   473.28
  349.37,   349.84,   224.93
  351.06,   348.71,   349.78
  352.71,   347.41,   474.71
  348.47,   474.83,   226.50
  350.00,   473.40,   351.36
  351.49,   472.03,   476.21
  475.14,   226.27,   221.51
  476.77,   225.23,   346.37
  478.35,   223.93,   471.45
  474.37,   350.82,   223.30
  475.97,   349.65,   348.40
  477.51,   348.38,   473.40
  473.53,   475.88,   224.96
  475.01,   474.38,   350.23
  476.49,   472.98,   475.17
  223.88,   226.99,   349.47
  221.68,   225.43,   474.50
  219.25,   223.55,   599.69
  227.10,   351.89,   350.83
  224.66,   350.15,   475.63
  222.00,   348.21,   600.99
  230.41,   476.73,   352.52
  227.76,   474.95,   477.20
  224.91,   473.16,   602.53
  348.44,   223.89,   351.80
  346.11,   222.30,   476.94
  343.61,   220.21,   602.20
  351.83,   348.44,   353.83
  349.30,   346.80,   478.73
  346.63,   344.83,   603.76
  355.16,   473.07,   355.84
  352.46,   471.37,   480.65
  349.72,   469.67,   605.46
  473.09,   220.59,   354.15
  470.49,   218.93,   479.23
  467.86,   216.89,   604.52
  476.67,   344.97,   356.58
  474.03,   343.34,   481.54
  471.28,   341.46,   606.42
  480.12,   469.61,   358.82
  477.41,   467.88,   483.71
  474.72,   466.22,   608.31
  225.03,   225.68,   476.96
  225.11,   227.55,   602.15
  224.88,   229.26,   727.42
  225.95,   350.42,   474.24
  225.80,   352.25,   599.60
  225.59,   353.96,   725.15
  227.01,   475.27,   471.96
  226.69,   477.26,   597.29
  226.52,   479.06,   722.87
  349.50,   224.63,   476.92
  349.50,   226.30,   602.18
  349.34,   227.78,   727.44
  350.65,   349.15,   474.88
  350.50,   350.97,   599.92
  350.30,   352.65,   724.95
  351.77,   473.76,   472.96
  351.56,   475.84,   597.80
  351.52,   477.93,   722.63
  473.96,   223.33,   476.76
  473.86,   225.07,   602.05
  473.84,   226.63,   727.44
  475.46,   347.78,   475.24
  475.26,   349.68,   600.13
  475.10,   351.52,   725.00
  476.78,   472.36,   473.58
  476.63,   474.46,   598.21
  476.55,   476.71,   722.74
  227.80,   223.45,   602.01
  226.09,   226.02,   727.23
  223.88,   229.03,   852.24
  226.11,   348.14,   598.58
  224.42,   350.70,   724.09
  222.92,   353.95,   849.15
  224.59,   473.12,   595.37
  222.93,   475.77,   720.95
  221.67,   478.81,   846.03
  352.16,   224.63,   603.45
  350.53,   226.96,   728.69
  348.73,   229.54,   853.50
  350.78,   349.28,   600.31
  349.11,   351.81,   725.32
  347.82,   354.66,   850.21
  349.44,   474.13,   597.31
  347.92,   477.07,   722.12
  346.81,   480.06,   846.98
  476.51,   225.81,   604.75
  475.03,   228.23,   730.11
  473.53,   230.69,   854.93
  475.52,   350.41,   601.95
  473.89,   353.11,   726.79
  472.57,   355.86,   851.63
  474.50,   475.18,   599.15
  472.95,   478.29,   723.65
  471.67,   481.34,   848.48
  226.53,   351.15,   100.41
  228.05,   348.48,   225.00
  229.78,   345.93,   349.37
  228.94,   476.06,   103.12
  230.48,   473.50,   227.73
  232.13,   470.77,   351.98
  231.14,   601.03,   105.45
  232.86,   598.47,   230.47
  234.56,   595.69,   355.04
  351.37,   348.80,    98.35
  352.90,   346.00,   223.37
  354.54,   343.51,   348.21
  353.87,   473.80,   101.15
  355.44,   470.94,   226.29
  356.92,   468.14,   351.16
  356.24,   599.03,   103.76
  357.76,   596.28,   228.90
  359.16,   593.26,   353.90
  476.34,   346.49,    96.50
  477.88,   343.58,   221.72
  479.42,   341.06,   346.78
  478.87,   471.60,    99.29
  480.49,   468.57,   224.73
  481.93,   465.71,   349.97
  481.38,   596.89,   102.16
  482.79,   594.12,   227.36
  484.09,   590.94,   352.51
  226.86,   351.58,   226.00
  225.45,   355.46,   350.31
  223.98,   359.13,   475.05
  230.39,   476.53,   222.39
  228.90,   480.27,   346.60
  227.24,   483.91,   471.23
  233.85,   601.45,   218.75
  232.44,   605.13,   343.34
  230.74,   608.89,   468.08
  351.69,   348.01,   227.68
  350.19,   351.95,   352.49
  348.64,   355.70,   477.36
  355.33,   472.90,   224.22
  353.66,   476.55,   349.05
  351.94,   480.25,   473.85
  358.75,   598.21,   220.44
  357.00,   601.66,   345.41
  355.24,   605.19,   470.29
  476.64,   344.50,   229.33
  475.05,   348.41,   354.40
  473.40,   352.18,   479.36
  480.35,   469.44,   225.96
  478.64,   473.03,   351.18
  476.91,   476.70,   476.08
  483.76,   594.96,   222.20
  481.89,   598.26,   347.30
  480.11,   601.65,   472.18
  226.30,   348.97,   347.69
  227.14,   352.12,   472.46
  227.73,   355.06,   597.79
  222.99,   473.81,   344.43
  223.64,   476.91,   469.07
  224.06,   480.02,   594.38
  219.79,   598.69,   341.64
  220.38,   601.92,   466.37
  220.87,   605.25,   591.46
  351.05,   352.15,   347.37
  351.80,   355.38,   472.26
  352.38,   358.33,   597.26
  347.78,   476.79,   344.40
  348.35,   479.95,   469.22
  348.88,   483.15,   594.05
  344.37,   601.92,   341.25
  344.90,   604.93,   466.16
  345.51,   608.19,   591.02
  475.95,   355.28,   346.82
  476.59,   358.53,   471.81
  477.14,   361.57,   596.65
  472.75,   479.96,   344.08
  473.31,   483.09,   469.02
  473.91,   486.31,   593.63
  469.21,   605.25,   340.66
  469.72,   608.09,   465.58
  470.46,   611.32,   590.40
  225.84,   351.29,   472.99
  227.81,   353.02,   598.34
  229.73,   354.62,   723.85
  225.21,   476.14,   470.81
  227.01,   478.03,   596.13
  228.96,   479.74,   721.69
  224.82,   601.21,   469.31
  226.67,   603.32,   594.41
  228.70,   605.29,   719.72
  350.53,   351.67,   471.49
  352.50,   353.41,   596.51
  354.42,   354.99,   721.52
  349.96,   476.30,   469.66
  351.86,   478.28,   594.50
  353.95,   480.27,   719.30
  349.37,   601.32,   467.80
  351.35,   603.37,   592.66
  353.58,   605.59,   717.48
  475.34,   351.95,   469.72
  477.26,   353.77,   594.58
  479.22,   355.53,   719.42
  474.95,   476.55,   468.15
  476.93,   478.56,   592.77
  478.97,   480.71,   717.29
  474.25,   601.60,   465.95
  476.36,   603.61,   590.75
  478.60,   605.92,   715.52
  225.81,   351.01,   599.64
  224.67,   353.50,   725.16
  223.73,   356.67,   850.21
  223.71,   476.00,   596.52
  222.60,   478.57,   722.10
  221.88,   481.53,   847.18
  222.07,   601.27,   593.88
  221.04,   604.10,   719.23
  219.87,   606.66,   844.31
  350.49,   352.74,   600.81
  349.37,   355.20,   725.82
  348.64,   357.97,   850.71
  348.55,   477.60,   597.89
  347.59,   480.47,   722.71
  347.02,   483.37,   847.58
  346.75,   602.68,   595.16
  345.93,   605.77,   719.98
  345.08,   608.71,   844.79
  475.25,   354.46,   601.90
  474.16,   357.10,   726.73
  473.39,   359.78,   851.58
  473.62,   479.24,   599.17
  472.62,   482.28,   723.68
  471.88,   485.25,   848.52
  471.75,   604.27,   596.27
  470.95,   607.46,   721.04
  470.19,   610.56,   845.91
  224.01,   475.20,   100.71
  222.72,   474.24,   225.34
  221.54,   473.13,   349.57
  223.47,   600.18,   101.45
  222.35,   599.24,   226.51
  221.25,   598.08,   351.08
  222.84,   725.18,   102.15
  221.96,   724.05,   227.63
  220.94,   723.06,   352.81
  348.97,   475.62,   101.63
  347.71,   474.39,   226.78
  346.36,   473.20,   351.62
  348.58,   600.90,   102.65
  347.27,   599.76,   227.80
  345.86,   598.37,   352.79
  348.09,   726.20,   103.58
  346.66,   725.17,   228.60
  345.29,   723.71,   353.61
  474.00,   476.13,   102.66
  472.77,   474.71,   228.13
  471.36,   473.45,   353.40
  473.75,   601.48,   103.95
  472.30,   600.33,   229.16
  470.75,   598.75,   354.31
  473.36,   726.76,   105.31
  471.55,   725.92,   229.81
  469.91,   724.19,   354.49
  223.93,   474.87,   224.59
  223.01,   478.65,   348.79
  221.92,   482.33,   473.43
  222.88,   599.81,   220.86
  222.05,   603.55,   345.42
  220.92,   607.37,   470.15
  221.79,   724.56,   217.05
  221.05,   728.45,   342.22
  220.14,   732.51,   467.27
  348.91,   475.73,   225.73
  347.82,   479.43,   350.54
  346.66,   483.17,   475.34
  347.81,   601.06,   221.85
  346.65,   604.58,   346.79
  345.46,   608.18,   471.68
  346.53,   726.42,   217.75
  345.40,   729.88,   342.69
  344.45,   733.48,   467.81
  473.98,   476.78,   226.79
  472.83,   480.40,   352.01
  471.66,   484.11,   476.91
  472.84,   602.36,   222.90
  471.53,   605.69,   347.98
  470.32,   609.13,   472.87
  471.45,   727.90,   218.70
  470.03,   731.10,   343.27
  469.02,   734.53,   468.27
  225.29,   475.45,   347.46
  222.71,   476.31,   472.12
  219.91,   477.17,   597.45
  225.98,   600.41,   346.92
  223.34,   601.40,   471.66
  220.61,   602.48,   596.76
  226.63,   725.39,   346.55
  224.21,   726.60,   471.61
  221.72,   727.76,   596.53
  350.09,   474.56,   350.75
  347.44,   475.49,   475.57
  344.75,   476.44,   600.41
  350.57,   599.75,   349.86
  347.88,   600.52,   474.76
  345.28,   601.56,   599.61
  350.97,   725.11,   348.57
  348.51,   725.87,   473.73
  346.16,   726.91,   599.05
  475.08,   473.87,   353.75
  472.42,   474.77,   478.67
  469.79,   475.75,   603.28
  475.46,   599.17,   352.60
  472.76,   599.80,   477.53
  470.27,   600.82,   602.32
  475.60,   724.63,   350.73
  473.10,   725.24,   475.80
  470.88,   726.30,   601.32
  225.59,   474.45,   475.64
  223.79,   471.18,   600.96
  222.14,   467.69,   726.54
  227.87,   599.48,   479.31
  226.13,   596.43,   604.39
  224.55,   593.18,   729.72
  230.42,   724.65,   483.37
  228.89,   721.66,   608.26
  227.13,   718.48,   733.15
  350.32,   471.90,   478.03
  348.63,   468.73,   602.84
  347.11,   465.51,   727.66
  352.42,   596.86,   481.36
  350.82,   593.78,   606.16
  349.47,   590.84,   730.94
  354.72,   722.15,   484.45
  353.36,   719.06,   609.73
  351.82,   715.86,   734.79
  475.31,   469.45,   480.05
  473.68,   466.31,   604.63
  472.10,   463.27,   729.15
  477.33,   594.41,   483.07
  475.85,   591.31,   607.82
  474.48,   588.47,   732.50
  479.36,   719.78,   485.51
  478.12,   716.72,   610.99
  476.76,   713.63,   736.33
  226.75,   475.19,   600.71
  226.44,   473.64,   726.30
  226.54,   472.54,   851.37
  225.51,   600.49,   602.18
  225.26,   599.19,   727.54
  224.90,   597.65,   852.59
  224.69,   725.77,   604.11
  224.27,   724.53,   729.04
  223.33,   723.03,   853.93
  351.62,   476.37,   601.34
  351.44,   475.12,   726.17
  351.66,   473.90,   851.07
  350.22,   601.48,   602.70
  350.19,   600.47,   727.54
  350.15,   599.30,   852.36
  349.17,   726.83,   604.32
  348.96,   725.53,   729.46
  348.29,   724.17,   854.12
  476.69,   477.59,   601.87
  476.47,   476.51,   726.42
  476.51,   475.35,   851.30
  475.24,   602.66,   603.08
  475.22,   601.75,   727.86
  475.25,   600.72,   852.77
  473.92,   728.14,   604.27
  473.89,   726.96,   729.74
  473.63,   725.57,   854.55
  226.89,   599.01,    98.76
  230.38,   596.36,   223.76
  233.87,   593.49,   348.29
  225.92,   723.98,   101.19
  229.65,   721.18,   226.59
  233.20,   718.46,   351.68
  225.21,   849.32,   103.92
  228.82,   846.46,   229.32
  232.35,   843.60,   354.77
  351.96,   600.14,    95.35
  355.28,   597.32,   220.46
  358.47,   594.21,   345.43
  351.15,   725.41,    98.02
  354.32,   722.74,   222.97
  357.51,   719.55,   347.88
  350.44,   850.38,   100.98
  353.50,   847.61,   225.64
  356.95,   844.57,   350.52
  477.10,   601.10,    92.05
  480.30,   598.33,   217.18
  483.38,   595.05,   342.30
  476.40,   726.29,    95.20
  479.23,   723.89,   219.64
  482.18,   720.47,   344.24
  475.54,   851.21,    98.18
  478.32,   848.52,   222.35
  481.57,   845.49,   346.90
  225.72,   600.77,   224.23
  226.43,   600.31,   348.84
  226.83,   599.92,   473.62
  226.06,   725.61,   224.64
  226.84,   725.30,   349.84
  227.46,   725.14,   474.91
  226.31,   850.96,   224.92
  227.02,   850.49,   350.47
  227.81,   850.06,   475.75
  350.65,   600.57,   223.70
  351.04,   599.88,   348.72
  351.40,   599.27,   473.67
  350.78,   726.01,   223.79
  351.19,   725.24,   348.79
  351.78,   724.63,   473.97
  351.06,   850.92,   224.07
  351.74,   850.28,   349.05
  352.40,   849.78,   474.33
  475.70,   600.42,   223.23
  475.96,   599.54,   348.40
  476.33,   598.79,   473.36
  475.71,   726.01,   223.23
  475.86,   725.00,   347.89
  476.41,   724.22,   472.97
  475.91,   850.67,   223.53
  476.40,   850.04,   348.19
  477.03,   849.59,   473.28
  224.70,   598.12,   349.60
  221.35,   601.04,   474.31
  217.92,   604.05,   599.38
  227.04,   723.05,   347.37
  223.92,   726.19,   472.39
  220.73,   729.27,   597.27
  229.16,   848.19,   344.74
  226.17,   851.05,   469.98
  223.27,   853.84,   594.81
  349.25,   595.80,   353.31
  345.85,   598.51,   478.16
  342.55,   601.49,   602.96
  351.34,   721.12,   350.16
  348.17,   723.81,   475.27
  345.13,   726.78,   600.54
  353.79,   846.13,   347.15
  350.72,   848.92,   472.38
  347.59,   851.80,   597.79
  474.10,   593.56,   356.84
  470.70,   596.14,   481.71
  467.50,   599.10,   606.43
  475.95,   718.98,   353.10
  472.74,   721.52,   478.12
  469.81,   724.52,   603.57
  478.38,   844.03,   350.09
  475.27,   846.86,   475.14
  472.19,   849.87,   600.63
  225.59,   601.25,   475.93
  226.00,   602.89,   601.06
  226.57,   604.37,   726.41
  225.66,   726.46,   475.30
  226.30,   728.17,   600.25
  226.70,   729.69,   725.17
  225.42,   851.36,   474.19
  226.36,   852.80,   599.08
  226.97,   854.39,   723.70
  350.16,   601.16,   475.88
  350.70,   602.76,   600.76
  351.49,   604.51,   725.60
  349.98,   726.51,   474.26
  350.77,   728.11,   599.60
  351.39,   729.58,   724.78
  350.03,   851.64,   472.70
  350.72,   853.18,   598.14
  351.34,   854.59,   723.51
  475.07,   601.24,   475.49
  475.73,   602.81,   600.31
  476.52,   604.66,   725.09
  474.60,   726.67,   473.17
  475.52,   728.30,   598.70
  476.31,   729.89,   724.20
  474.66,   852.02,   471.57
  475.39,   853.67,   597.06
  475.99,   855.09,   722.80
  226.11,   601.33,   597.84
  229.25,   602.04,   723.15
  232.29,   602.51,   848.15
  226.46,   726.62,   597.80
  229.44,   727.36,   722.70
  231.91,   727.89,   847.54
  226.59,   851.28,   597.42
  229.76,   852.09,   722.03
  232.14,   853.19,   846.72
  350.78,   601.12,   594.97
  354.13,   602.10,   719.78
  357.50,   602.95,   844.56
  350.89,   726.49,   594.56
  354.10,   727.20,   719.72
  356.87,   727.79,   844.41
  350.91,   851.58,   593.88
  354.10,   852.23,   719.24
  356.84,   852.58,   844.07
  475.76,   601.11,   591.95
  479.13,   602.17,   716.70
  482.54,   603.16,   841.57
  475.59,   726.60,   591.07
  478.98,   727.45,   716.54
  482.14,   728.05,   841.41
  475.53,   852.00,   590.20
  478.73,   852.67,   715.91
  481.64,   852.75,   840.96
  348.38,   100.99,    98.42
  345.47,   103.33,   223.29
  342.72,   105.62,   348.22
  348.00,   225.84,    96.17
  345.06,   228.13,   221.00
  342.50,   230.79,   345.93
  347.88,   350.67,    94.05
  345.03,   352.88,   219.08
  342.28,   355.38,   343.87
  473.38,   101.40,   101.26
  470.36,   103.84,   226.06
  467.51,   106.00,   350.75
  472.99,   226.15,    98.90
  469.98,   228.56,   223.74
  467.19,   231.17,   348.60
  472.85,   351.01,    96.63
  470.01,   353.10,   221.87
  467.17,   355.57,   346.96
  598.31,   101.74,   104.08
  595.48,   104.14,   229.08
  592.61,   106.26,   353.76
  597.96,   226.49,   101.95
  595.11,   228.87,   226.78
  592.25,   231.23,   351.40
  597.95,   351.39,    99.74
  595.20,   353.57,   224.70
  592.37,   355.86,   349.49
  348.76,    99.42,   224.24
  346.26,    96.46,   349.18
  343.78,    93.51,   474.30
  347.48,   224.22,   227.10
  345.18,   221.70,   352.02
  342.86,   218.90,   477.14
  346.59,   348.94,   230.35
  344.11,   346.28,   355.13
  341.60,   343.43,   480.00
  473.65,   100.66,   226.79
  471.08,    97.57,   351.51
  468.56,    94.63,   476.62
  472.40,   225.40,   229.60
  469.85,   222.82,   354.44
  467.27,   219.96,   479.50
  471.56,   349.91,   232.93
  468.98,   347.22,   357.98
  466.34,   344.40,   482.92
  598.77,   101.70,   229.56
  596.20,    98.61,   354.29
  593.62,    95.68,   479.18
  597.53,   226.43,   232.42
  594.92,   223.59,   357.02
  592.27,   220.71,   481.95
  596.76,   351.11,   235.51
  594.17,   348.22,   360.26
  591.46,   345.29,   485.17
  349.93,   101.19,   349.05
  351.47,   104.88,   474.16
  352.90,   108.45,   599.41
  347.43,   226.33,   345.40
  349.07,   230.12,   470.50
  350.52,   233.41,   595.70
  344.95,   350.86,   342.02
  346.41,   354.58,   466.89
  347.72,   358.02,   591.88
  474.74,   103.75,   347.29
  476.17,   107.45,   472.33
  477.66,   111.13,   597.74
  472.13,   228.87,   343.77
  473.53,   232.60,   468.82
  474.86,   235.94,   594.03
  469.84,   353.22,   340.78
  471.21,   356.97,   465.76
  472.47,   360.49,   590.59
  599.85,   106.21,   346.01
  601.22,   109.86,   470.84
  602.75,   113.62,   596.06
  597.22,   231.10,   342.28
  598.56,   234.76,   467.17
  600.00,   238.35,   592.48
  595.05,   355.69,   339.01
  596.38,   359.33,   463.88
  597.60,   362.92,   588.94
  348.15,    99.83,   474.20
  348.72,    96.42,   599.41
  349.12,    92.87,   724.55
  346.41,   225.13,   477.48
  347.06,   221.46,   602.71
  347.54,   217.58,   727.97
  344.36,   349.62,   480.77
  344.86,   346.08,   605.81
  345.32,   342.37,   730.85
  472.89,   101.82,   473.33
  473.61,    98.54,   598.76
  474.27,    95.14,   724.10
  470.85,   227.04,   476.71
  471.38,   223.43,   601.96
  472.02,   219.64,   727.34
  469.15,   351.45,   480.56
  469.58,   347.99,   605.40
  470.07,   344.45,   730.26
  597.96,   103.69,   472.76
  598.70,   100.49,   597.98
  599.33,    97.09,   723.10
  595.89,   228.65,   476.01
  596.53,   225.29,   601.36
  597.25,   221.83,   726.85
  594.31,   353.22,   479.65
  594.71,   349.87,   604.75
  595.25,   346.55,   730.03
  349.02,   101.33,   601.22
  345.48,   103.81,   726.39
  341.98,   106.53,   851.17
  350.97,   226.37,   598.42
  347.50,   228.58,   723.63
  343.84,   231.03,   848.44
  352.46,   351.02,   595.48
  348.92,   353.43,   720.46
  345.76,   356.13,   845.32
  473.84,    99.83,   604.55
  470.49,   102.47,   729.87
  467.11,   105.12,   854.60
  475.28,   224.72,   601.66
  471.93,   227.01,   726.99
  468.57,   229.33,   851.80
  477.16,   349.31,   599.05
  473.67,   351.88,   723.86
  470.47,   354.50,   848.67
  598.91,    98.16,   607.73
  595.52,   100.84,   732.85
  592.08,   103.61,   857.67
  600.41,   222.98,   605.05
  597.13,   225.60,   730.51
  593.65,   228.19,   855.27
  602.26,   347.57,   602.35
  598.81,   350.36,   727.62
  595.41,   353.11,   852.60
  349.86,   223.42,   100.55
  348.63,   226.09,   225.39
  347.74,   229.11,   350.35
  349.18,   348.24,    98.08
  348.01,   350.82,   223.12
  346.95,   353.67,   347.95
  348.45,   473.26,    95.53
  347.33,   475.80,   220.67
  346.11,   478.37,   345.50
  474.88,   224.28,   101.59
  473.57,   227.07,   226.44
  472.46,   230.02,   351.32
  474.18,   349.12,    98.97
  473.02,   351.59,   224.23
  471.87,   354.41,   349.33
  473.48,   474.28,    96.39
  472.40,   476.64,   221.85
  471.12,   479.13,   347.11
  599.89,   225.18,   102.95
  598.73,   227.91,   227.80
  597.56,   230.60,   352.43
  599.30,   350.06,   100.39
  598.24,   352.60,   225.36
  597.10,   355.24,   350.14
  598.59,   475.15,    97.73
  597.66,   477.67,   222.87
  596.47,   480.17,   347.85
  348.23,   224.66,   223.86
  344.87,   226.67,   348.79
  341.50,   228.42,   473.90
  352.22,   349.35,   222.71
  348.68,   351.21,   347.51
  345.10,   352.91,   472.37
  356.14,   474.29,   221.39
  352.44,   475.86,   346.22
  348.69,   477.48,   470.99
  473.07,   221.08,   227.44
  469.47,   223.03,   352.28
  465.84,   224.71,   477.36
  477.12,   345.55,   226.35
  473.48,   347.39,   351.41
  469.80,   349.10,   476.37
  481.12,   470.53,   225.11
  477.36,   472.04,   350.33
  473.59,   473.64,   475.23
  598.12,   217.35,   231.35
  594.45,   219.04,   355.93
  590.74,   220.69,   480.87
  602.23,   341.99,   230.02
  598.60,   343.64,   354.75
  594.84,   345.24,   479.67
  606.28,   467.00,   228.65
  602.62,   468.50,   353.56
  598.86,   470.00,   478.44
  351.35,   224.22,   351.02
  354.62,   225.35,   476.15
  357.71,   225.99,   601.38
  354.66,   348.77,   350.20
  357.76,   349.84,   475.12
  360.71,   350.62,   600.12
  357.93,   473.41,   349.34
  360.87,   474.42,   474.19
  363.77,   475.45,   598.99
  475.99,   220.98,   347.80
  479.03,   222.05,   472.87
  482.03,   222.76,   598.13
  479.51,   345.37,   347.35
  482.52,   346.46,   472.33
  485.42,   347.32,   597.20
  482.90,   470.04,   346.71
  485.84,   471.02,   471.64
  488.80,   472.08,   596.26
  601.02,   217.41,   344.77
  604.03,   218.42,   469.68
  607.17,   219.40,   595.04
  604.67,   342.04,   343.97
  607.64,   343.03,   468.84
  610.53,   343.99,   594.00
  608.20,   466.95,   343.19
  611.17,   467.84,   468.03
  614.01,   468.82,   592.99
  351.06,   225.17,   475.40
  353.68,   223.40,   600.64
  356.15,   221.43,   725.91
  349.65,   349.69,   476.85
  352.13,   348.06,   601.88
  354.57,   346.28,   726.90
  348.19,   474.32,   478.37
  350.61,   472.94,   603.22
  353.22,   471.55,   728.04
  475.51,   226.47,   472.60
  478.03,   224.77,   597.86
  480.66,   222.90,   723.25
  474.43,   350.91,   474.58
  476.86,   349.37,   599.44
  479.34,   347.76,   724.31
  473.16,   475.51,   476.38
  475.66,   474.17,   600.98
  478.21,   472.95,   725.51
  600.55,   227.45,   469.88
  603.19,   226.01,   595.23
  605.91,   224.50,   720.75
  599.60,   352.08,   471.61
  601.99,   350.64,   596.73
  604.53,   349.24,   722.06
  598.52,   476.92,   473.35
  600.90,   475.51,   598.25
  603.23,   474.23,   723.27
  351.59,   224.74,   598.74
  347.92,   225.19,   723.98
  344.06,   225.87,   848.81
  352.19,   349.41,   597.54
  348.47,   350.05,   722.54
  345.11,   350.99,   847.43
  352.83,   474.29,   596.48
  349.25,   475.33,   721.26
  346.08,   476.42,   846.12
  475.90,   223.93,   602.13
  472.36,   224.46,   727.49
  468.80,   225.01,   852.33
  476.89,   348.55,   601.27
  473.20,   349.35,   726.10
  469.81,   350.19,   850.94
  477.86,   473.35,   600.39
  474.24,   474.57,   724.88
  470.90,   475.71,   849.70
  601.04,   223.02,   605.70
  597.56,   223.89,   731.17
  593.89,   224.72,   855.94
  601.99,   347.66,   604.74
  598.35,   348.68,   730.03
  594.76,   349.66,   855.01
  603.07,   472.54,   603.81
  599.23,   473.68,   728.80
  595.73,   474.83,   853.91
  350.69,   348.39,   100.12
  352.96,   349.95,   225.16
  355.34,   351.80,   350.01
  353.49,   473.41,    98.53
  355.81,   474.92,   223.69
  358.02,   476.46,   348.58
  356.16,   598.64,    96.76
  358.43,   600.29,   221.91
  360.56,   601.64,   346.92
  475.64,   345.71,    97.62
  477.93,   347.15,   222.86
  480.22,   348.97,   347.95
  478.48,   470.84,    96.01
  480.85,   472.18,   221.47
  483.02,   473.67,   346.73
  481.30,   596.10,    94.52
  483.45,   597.77,   219.71
  485.48,   598.96,   344.84
  600.71,   343.07,    95.64
  603.09,   344.60,   220.62
  605.42,   346.23,   345.34
  603.54,   468.13,    93.97
  606.06,   469.64,   219.09
  608.36,   471.15,   343.99
  606.29,   593.32,    92.41
  608.64,   594.96,   217.41
  610.89,   596.35,   342.32
  349.28,   348.95,   224.68
  348.74,   350.52,   349.53
  348.16,   351.91,   474.46
  348.04,   473.94,   223.53
  347.34,   475.22,   348.39
  346.59,   476.54,   473.23
  346.58,   599.30,   222.08
  345.82,   600.40,   347.07
  345.02,   601.57,   472.00
  474.29,   350.27,   225.27
  473.65,   351.80,   350.39
  472.97,   353.21,   475.40
  473.10,   475.32,   224.20
  472.35,   476.52,   349.48
  471.58,   477.82,   474.43
  471.61,   600.94,   222.75
  470.70,   601.84,   347.90
  469.90,   602.86,   472.85
  599.51,   351.83,   225.88
  598.89,   353.17,   350.68
  598.15,   354.47,   475.62
  598.36,   476.90,   224.70
  597.70,   478.10,   349.69
  596.96,   479.31,   474.60
  596.82,   602.29,   223.33
  596.09,   603.34,   348.28
  595.36,   604.46,   473.16
  349.27,   349.29,   351.29
  349.12,   346.33,   476.19
  348.82,   343.05,   601.22
  351.95,   473.92,   354.54
  351.63,   470.89,   479.36
  351.27,   467.87,   604.19
  354.49,   599.04,   357.61
  354.13,   595.84,   482.51
  353.86,   592.91,   607.33
  474.15,   346.48,   351.64
  473.89,   343.55,   476.61
  473.52,   340.35,   601.48
  476.95,   471.13,   355.13
  476.62,   468.08,   480.04
  476.32,   465.09,   604.64
  479.40,   596.35,   357.96
  479.05,   593.03,   482.89
  478.90,   590.09,   607.64
  599.35,   343.75,   351.44
  599.03,   340.70,   476.35
  598.64,   337.61,   601.50
  602.29,   468.61,   354.81
  601.97,   465.45,   479.68
  601.54,   462.41,   604.63
  604.83,   593.76,   357.82
  604.55,   590.54,   482.68
  604.25,   587.55,   607.60
  348.78,   348.45,   476.58
  347.70,   344.90,   601.60
  346.58,   341.18,   726.64
  347.09,   473.03,   479.98
  345.95,   469.73,   604.81
  344.97,   466.39,   729.65
  345.40,   598.01,   483.38
  344.34,   594.81,   608.20
  343.53,   591.74,   733.00
  473.57,   349.82,   477.91
  472.42,   346.37,   602.76
  471.33,   342.81,   727.62
  472.08,   474.39,   481.58
  471.00,   471.13,   606.16
  469.99,   467.98,   730.67
  470.29,   599.37,   484.66
  469.36,   596.16,   609.43
  468.55,   593.20,   734.12
  598.75,   351.16,   478.55
  597.56,   347.80,   603.67
  596.52,   344.47,   728.96
  597.45,   475.95,   482.16
  596.24,   472.63,   607.07
  595.01,   469.44,   732.04
  595.75,   601.05,   485.38
  594.70,   597.80,   610.29
  593.58,   594.66,   735.27
  349.74,   348.09,   598.81
  352.77,   349.81,   723.80
  356.19,   351.82,   848.66
  351.64,   472.94,   596.59
  354.84,   475.07,   721.37
  358.44,   477.25,   846.19
  353.67,   598.00,   594.53
  357.02,   600.37,   719.31
  360.41,   602.63,   844.08
  474.43,   345.90,   595.79
  477.51,   347.78,   720.63
  480.88,   349.71,   845.48
  476.66,   470.65,   593.77
  479.82,   472.94,   718.27
  483.22,   475.17,   843.08
  478.65,   595.67,   591.55
  482.01,   598.13,   716.27
  485.43,   600.51,   841.13
  599.52,   343.66,   592.48
  602.67,   345.75,   717.78
  605.86,   347.85,   842.88
  601.88,   468.49,   590.42
  604.82,   470.70,   715.42
  608.04,   472.92,   840.56
  604.01,   593.66,   588.18
  607.04,   595.94,   713.15
  610.24,   598.12,   838.26
  351.50,   474.99,   101.73
  348.79,   472.75,   226.85
  346.00,   470.56,   351.65
  352.98,   600.25,   103.79
  350.23,   598.09,   228.92
  347.36,   595.69,   353.87
  354.37,   725.55,   105.78
  351.47,   723.51,   230.74
  348.65,   721.02,   355.72
  476.50,   473.58,   104.19
  473.82,   471.16,   229.62
  470.97,   468.90,   354.84
  478.12,   598.92,   106.51
  475.23,   596.74,   231.70
  472.23,   594.15,   356.82
  479.60,   724.21,   108.91
  476.34,   722.31,   233.38
  473.26,   719.58,   358.05
  601.60,   472.05,   107.09
  599.06,   469.79,   232.19
  596.28,   467.51,   357.13
  603.14,   597.31,   109.35
  600.44,   595.13,   234.34
  597.62,   592.71,   359.27
  604.62,   722.52,   111.74
  601.52,   720.41,   236.40
  598.61,   717.95,   360.99
  348.32,   476.34,   226.18
  347.67,   475.88,   351.05
  346.98,   475.48,   475.90
  351.61,   601.68,   226.48
  350.89,   601.03,   351.49
  350.15,   600.47,   476.43
  354.71,   727.09,   226.53
  354.01,   726.35,   351.52
  353.50,   725.78,   476.71
  473.34,   472.94,   226.81
  472.64,   472.42,   352.08
  471.94,   472.00,   477.04
  476.61,   598.52,   227.11
  475.77,   597.68,   352.28
  475.03,   596.99,   477.24
  479.60,   724.07,   227.07
  478.65,   723.10,   351.74
  478.10,   722.38,   476.84
  598.57,   469.75,   227.24
  597.96,   469.23,   352.23
  597.27,   468.72,   477.14
  601.81,   595.08,   227.63
  601.16,   594.42,   352.59
  600.49,   593.82,   477.49
  604.78,   720.34,   227.96
  604.02,   719.63,   352.61
  603.49,   719.14,   477.45
  351.47,   475.92,   351.71
  353.55,   478.25,   476.56
  355.60,   480.62,   601.37
  347.67,   601.05,   349.44
  349.70,   603.23,   474.35
  351.84,   605.67,   599.20
  343.80,   726.33,   346.84
  346.06,   728.52,   471.96
  348.44,   730.97,   597.26
  476.42,   479.47,   349.90
  478.50,   481.76,   474.82
  480.62,   484.15,   599.42
  472.49,   604.74,   347.35
  474.53,   606.76,   472.27
  476.79,   609.18,   597.08
  468.35,   730.13,   344.13
  470.58,   732.14,   469.16
  473.10,   734.61,   594.67
  601.73,   483.29,   347.19
  603.84,   485.50,   472.04
  605.84,   487.83,   596.96
  597.82,   608.47,   344.85
  599.94,   610.61,   469.68
  602.11,   613.01,   594.59
  593.60,   733.66,   342.13
  595.86,   735.89,   466.93
  598.30,   738.44,   592.08
  350.68,   475.95,   476.58
  353.86,   476.68,   601.41
  357.23,   477.42,   726.19
  351.12,   600.98,   475.95
  354.39,   601.79,   600.79
  357.91,   602.76,   725.59
  351.75,   726.34,   475.09
  355.26,   727.15,   600.38
  358.61,   727.83,   725.54
  475.65,   475.18,   473.80
  478.91,   475.94,   598.40
  482.22,   476.83,   722.91
  476.00,   600.23,   472.83
  479.39,   601.01,   597.62
  482.90,   602.07,   722.36
  476.33,   725.67,   471.27
  479.98,   726.50,   596.75
  483.51,   727.33,   722.21
  601.00,   474.63,   469.97
  604.15,   475.33,   594.88
  607.23,   476.14,   719.90
  601.46,   599.80,   469.17
  604.75,   600.56,   594.07
  607.93,   601.43,   719.06
  601.69,   725.14,   467.99
  605.24,   726.06,   593.10
  608.66,   726.94,   718.31
  350.89,   476.71,   599.19
  351.94,   474.31,   724.01
  353.40,   471.94,   848.88
  348.86,   601.80,   601.72
  350.06,   599.63,   726.54
  351.27,   597.31,   851.33
  347.18,   727.12,   604.51
  348.20,   724.67,   729.62
  348.78,   722.16,   854.26
  475.95,   478.58,   598.52
  476.96,   476.35,   723.05
  478.23,   474.04,   847.90
  473.86,   603.63,   600.89
  475.08,   601.56,   725.65
  476.35,   599.39,   850.53
  471.91,   729.09,   603.24
  473.12,   726.75,   728.70
  474.10,   724.22,   853.48
  601.22,   480.58,   597.35
  602.00,   478.27,   722.36
  603.09,   475.97,   847.53
  599.23,   605.78,   599.70
  600.13,   603.53,   724.71
  601.23,   601.17,   849.86
  597.16,   731.26,   601.91
  598.27,   728.98,   727.19
  599.35,   726.30,   852.13
  349.70,   598.68,   100.87
  348.85,   598.18,   226.04
  347.88,   597.43,   351.04
  352.47,   723.97,   101.20
  351.48,   723.60,   226.21
  350.54,   722.76,   351.21
  355.35,   848.94,   101.82
  354.25,   848.49,   226.54
  353.57,   847.78,   351.52
  474.84,   596.01,   101.69
  473.86,   595.50,   226.92
  472.77,   594.57,   352.10
  477.72,   721.25,   102.46
  476.38,   721.08,   226.99
  475.17,   720.00,   351.68
  480.44,   846.14,   103.12
  479.06,   845.76,   227.35
  478.17,   845.04,   351.99
  599.86,   593.07,   102.65
  599.07,   592.56,   227.70
  598.15,   591.78,   352.67
  602.76,   718.27,   103.40
  601.56,   717.84,   228.12
  600.54,   717.01,   352.77
  605.49,   843.06,   103.92
  604.26,   842.52,   228.62
  603.25,   841.99,   353.35
  351.84,   598.26,   224.90
  352.74,   599.56,   349.90
  353.63,   600.94,   474.83
  349.74,   723.68,   223.02
  350.68,   724.91,   348.00
  351.78,   726.28,   473.16
  347.79,   848.58,   221.33
  349.00,   849.92,   346.31
  350.19,   851.40,   471.57
  476.87,   600.34,   223.87
  477.65,   601.44,   349.01
  478.54,   602.67,   473.96
  474.66,   725.91,   221.91
  475.32,   726.89,   346.54
  476.40,   728.10,   471.60
  472.62,   850.54,   220.25
  473.65,   851.88,   344.90
  474.82,   853.42,   469.99
  602.08,   602.11,   222.75
  603.06,   603.39,   347.68
  604.03,   604.73,   472.54
  599.83,   727.40,   221.15
  600.67,   728.62,   345.76
  601.78,   730.06,   470.58
  597.84,   852.02,   219.59
  598.73,   853.55,   344.35
  599.91,   855.23,   469.23
  350.01,   601.20,   350.98
  349.32,   599.84,   475.91
  348.72,   598.74,   600.78
  349.31,   726.55,   351.81
  348.85,   725.19,   477.00
  348.50,   724.09,   602.32
  349.02,   851.57,   352.85
  348.62,   850.33,   478.14
  348.19,   849.19,   603.60
  474.91,   601.71,   351.71
  474.23,   600.20,   476.67
  473.75,   599.08,   601.49
  473.96,   727.15,   351.95
  473.48,   725.63,   477.06
  473.26,   724.56,   602.60
  473.68,   852.18,   353.04
  473.25,   850.99,   478.14
  472.85,   849.96,   603.67
  600.33,   602.28,   351.99
  599.72,   600.88,   476.88
  599.13,   599.73,   601.83
  599.33,   727.53,   352.76
  598.87,   726.23,   477.62
  598.53,   725.23,   602.81
  598.76,   852.50,   354.08
  598.37,   851.45,   478.94
  598.07,   850.49,   603.91
  348.03,   601.71,   473.50
  350.95,   600.21,   598.35
  354.11,   598.87,   723.14
  345.61,   727.04,   475.06
  348.77,   725.54,   600.33
  351.76,   723.92,   725.44
  343.42,   852.13,   476.67
  346.50,   850.59,   602.06
  349.47,   848.91,   727.38
  472.87,   604.09,   470.75
  475.92,   602.56,   595.55
  479.09,   601.31,   720.29
  470.15,   729.50,   471.57
  473.45,   728.02,   597.08
  476.64,   726.53,   722.53
  467.99,   854.80,   473.16
  471.08,   853.37,   598.61
  474.07,   851.70,   724.32
  598.30,   606.78,   467.47
  601.26,   605.24,   592.38
  604.12,   603.81,   717.37
  595.45,   732.10,   468.64
  598.67,   730.71,   593.79
  601.76,   729.28,   719.04
  593.02,   857.28,   470.48
  596.23,   855.90,   595.37
  599.19,   854.34,   720.58
  348.70,   599.30,   599.01
  346.70,   598.66,   723.84
  344.70,   597.85,   848.65
  349.57,   724.66,   600.26
  347.40,   723.74,   725.39
  344.78,   722.74,   850.06
  350.34,   849.76,   601.23
  348.18,   848.75,   726.59
  345.48,   847.52,   851.36
  473.72,   598.54,   601.35
  471.72,   597.99,   726.10
  469.79,   597.34,   850.97
  474.31,   724.02,   602.17
  472.32,   723.22,   727.62
  470.09,   722.21,   852.42
  474.99,   849.43,   602.95
  472.81,   848.42,   728.71
  470.35,   846.83,   853.61
  599.08,   598.09,   603.33
  596.76,   597.36,   728.34
  594.68,   596.54,   853.49
  599.58,   723.60,   604.02
  597.46,   722.84,   729.30
  595.34,   721.69,   854.26
  600.20,   848.86,   604.82
  597.96,   847.97,   730.11
  595.66,   846.60,   855.19
  474.15,   100.74,    99.05
  476.48,    99.02,   223.90
  478.97,    96.93,   348.64
  475.71,   225.49,   100.84
  478.03,   223.76,   225.68
  480.55,   222.18,   350.52
  477.54,   350.32,   102.74
  480.02,   348.28,   227.97
  482.51,   346.59,   353.03
  599.08,    99.09,    96.51
  601.60,    97.33,   221.55
  604.13,    95.25,   346.35
  600.68,   223.86,    98.54
  603.16,   222.07,   223.41
  605.64,   220.22,   348.01
  602.63,   348.76,   100.50
  605.21,   346.78,   225.45
  607.72,   344.89,   350.15
  723.84,    97.31,    93.97
  726.61,    95.33,   219.11
  729.38,    93.46,   344.22
  725.59,   222.29,    96.52
  728.29,   220.27,   221.38
  730.98,   218.17,   345.72
  727.62,   347.20,    98.45
  730.26,   345.42,   222.93
  732.98,   343.32,   347.03
  475.96,   100.16,   224.17
  473.67,    98.49,   348.91
  471.43,    96.97,   474.03
  477.83,   224.90,   225.63
  475.57,   223.73,   350.49
  473.26,   222.29,   475.57
  480.13,   349.42,   227.59
  477.83,   348.14,   352.67
  475.48,   346.73,   477.65
  601.08,    98.10,   226.61
  598.81,    96.42,   351.38
  596.50,    94.91,   476.28
  602.96,   222.84,   228.13
  600.64,   221.41,   352.74
  598.28,   219.94,   477.69
  605.32,   347.56,   229.84
  603.03,   346.07,   354.58
  600.62,   344.55,   479.51
  726.13,    95.74,   228.98
  724.07,    94.26,   354.05
  721.61,    92.80,   478.75
  728.11,   220.66,   230.85
  725.98,   218.97,   355.18
  723.73,   217.49,   480.02
  730.38,   345.81,   232.04
  728.31,   344.10,   356.19
  725.99,   342.43,   481.08
  473.27,   100.29,   348.84
  469.94,    97.77,   473.93
  466.66,    95.31,   599.32
  474.71,   225.50,   351.45
  471.32,   223.06,   476.49
  467.89,   220.25,   601.73
  476.50,   349.90,   354.64
  473.06,   347.49,   479.57
  469.52,   344.83,   604.40
  598.38,    98.64,   352.39
  594.99,    96.12,   477.26
  591.73,    93.73,   602.43
  599.76,   223.61,   354.77
  596.31,   221.14,   479.69
  592.98,   218.59,   605.03
  601.69,   348.25,   357.63
  598.17,   345.74,   482.53
  594.60,   343.18,   607.65
  723.62,    96.89,   356.15
  720.08,    94.44,   480.81
  716.66,    92.16,   605.55
  725.09,   221.60,   358.27
  721.75,   219.12,   483.09
  718.48,   216.98,   608.51
  726.96,   346.72,   360.30
  723.53,   344.04,   485.18
  719.98,   341.53,   610.90
  474.21,    98.78,   475.79
  476.09,    98.40,   601.23
  477.93,    97.85,   726.59
  474.14,   224.09,   476.24
  475.86,   223.35,   601.53
  477.68,   222.42,   726.94
  474.46,   348.56,   477.22
  476.07,   347.97,   602.10
  477.74,   347.31,   726.99
  599.29,    98.64,   473.99
  601.18,    98.32,   599.20
  602.98,    97.80,   724.35
  599.20,   223.67,   474.31
  601.03,   223.19,   599.70
  602.94,   222.62,   725.23
  599.63,   348.31,   475.04
  601.22,   347.83,   600.20
  602.95,   347.39,   725.55
  724.46,    98.43,   472.46
  726.20,    98.25,   597.27
  728.11,    97.96,   722.29
  724.67,   223.16,   472.56
  726.57,   223.05,   598.03
  728.25,   223.00,   723.55
  725.04,   348.16,   472.52
  726.65,   347.68,   598.23
  728.24,   347.43,   724.35
  473.30,   101.80,   600.20
  475.07,    98.49,   725.54
  476.81,    95.31,   850.31
  474.79,   226.67,   603.24
  476.53,   223.01,   728.61
  478.24,   219.38,   853.45
  476.70,   351.24,   606.53
  478.29,   347.85,   731.38
  480.17,   344.48,   856.23
  598.40,   100.05,   598.23
  600.13,    96.79,   723.34
  601.79,    93.59,   848.18
  599.95,   224.86,   601.45
  601.77,   221.55,   726.94
  603.40,   218.21,   851.73
  601.84,   349.45,   604.67
  603.49,   346.27,   729.99
  605.16,   343.07,   855.02
  723.41,    98.32,   596.33
  725.23,    95.26,   721.30
  726.99,    91.52,   846.09
  725.48,   223.08,   599.82
  727.07,   220.29,   725.27
  728.75,   217.09,   849.89
  727.25,   347.65,   602.77
  728.76,   344.67,   728.85
  730.19,   341.71,   854.01
  475.52,   224.98,   100.05
  473.31,   223.92,   224.90
  471.30,   223.03,   349.77
  478.03,   349.81,   101.34
  475.98,   348.44,   226.58
  473.93,   347.44,   351.67
  480.56,   474.97,   102.67
  478.58,   473.47,   228.12
  476.41,   472.12,   353.38
  600.48,   222.61,   102.29
  598.43,   221.50,   227.14
  596.36,   220.36,   351.77
  603.12,   347.49,   103.64
  601.16,   346.20,   228.59
  599.12,   345.00,   353.35
  605.65,   472.57,   104.89
  603.82,   471.25,   230.00
  601.74,   469.90,   354.94
  725.37,   220.29,   104.80
  723.57,   218.94,   229.62
  721.69,   217.54,   353.97
  728.10,   345.23,   106.13
  726.23,   344.09,   230.56
  724.40,   342.66,   354.73
  730.57,   469.94,   107.13
  728.89,   469.14,   231.59
  727.12,   467.90,   355.95
  475.85,   225.99,   224.03
  476.23,   223.38,   348.87
  476.56,   220.51,   473.93
  479.61,   350.46,   227.37
  479.95,   347.74,   352.44
  480.24,   344.90,   477.41
  483.29,   475.44,   230.58
  483.53,   472.38,   355.82
  483.76,   469.42,   480.73
  600.96,   222.52,   223.82
  601.29,   219.65,   348.43
  601.58,   216.73,   473.35
  604.78,   347.18,   226.92
  605.14,   344.25,   351.64
  605.38,   341.29,   476.54
  608.53,   472.17,   229.99
  608.87,   469.11,   354.88
  609.11,   466.05,   479.75
  726.08,   218.92,   223.86
  726.61,   215.79,   348.21
  727.02,   212.85,   473.00
  729.82,   344.01,   226.46
  730.40,   340.86,   350.59
  730.75,   337.75,   475.42
  733.56,   469.01,   229.13
  734.21,   466.07,   353.44
  734.51,   462.87,   478.26
  476.54,   224.38,   349.96
  475.50,   221.32,   475.02
  474.43,   217.90,   600.29
  478.79,   348.76,   353.75
  477.71,   345.73,   478.71
  476.52,   342.45,   603.57
  480.89,   473.43,   357.34
  479.74,   470.28,   482.24
  478.63,   467.21,   606.83
  601.64,   222.08,   350.92
  600.55,   218.98,   475.85
  599.60,   215.82,   601.22
  604.02,   346.71,   354.36
  602.87,   343.56,   479.26
  601.66,   340.39,   604.42
  606.25,   471.60,   357.82
  605.11,   468.35,   482.69
  603.85,   465.21,   607.65
  726.99,   219.66,   352.08
  726.02,   216.54,   476.88
  725.12,   213.78,   602.31
  729.31,   344.77,   354.68
  728.27,   341.46,   479.54
  727.09,   338.32,   605.27
  731.65,   469.99,   357.78
  730.55,   466.60,   482.63
  729.11,   463.26,   608.24
  475.38,   224.57,   472.90
  472.91,   221.17,   598.14
  470.53,   217.57,   723.51
  475.51,   349.00,   476.56
  472.92,   345.74,   601.39
  470.39,   342.39,   726.24
  475.44,   473.57,   480.04
  472.92,   470.52,   604.61
  470.47,   467.57,   729.11
  600.43,   224.27,   475.18
  598.06,   221.13,   600.52
  595.75,   217.86,   726.00
  600.67,   348.88,   478.58
  598.05,   345.72,   603.70
  595.58,   342.60,   728.98
  600.80,   473.68,   481.99
  598.15,   470.57,   606.90
  595.49,   467.57,   731.87
  725.90,   223.89,   477.64
  723.59,   221.13,   603.07
  721.05,   218.38,   728.50
  726.06,   348.84,   480.28
  723.46,   345.70,   605.99
  720.86,   342.80,   732.03
  726.25,   473.99,   483.38
  723.40,   470.68,   608.95
  720.46,   467.47,   734.78
  476.11,   226.97,   600.92
  478.81,   224.50,   726.29
  481.49,   222.07,   851.15
  474.74,   351.57,   603.08
  477.29,   349.37,   727.93
  480.13,   347.20,   852.80
  473.33,   476.37,   605.21
  475.97,   474.57,   729.72
  478.87,   472.67,   854.60
  601.26,   228.44,   598.23
  604.05,   226.32,   723.73
  606.64,   224.18,   848.57
  599.86,   353.05,   600.32
  602.47,   351.07,   725.63
  605.11,   349.06,   850.70
  598.56,   477.93,   602.44
  600.98,   476.05,   727.43
  603.71,   474.17,   852.60
  726.78,   229.91,   595.68
  729.34,   228.31,   721.21
  731.94,   226.35,   845.93
  725.26,   354.53,   597.47
  727.73,   352.71,   723.57
  730.13,   350.95,   848.84
  723.84,   479.57,   599.36
  725.94,   477.43,   725.19
  728.54,   475.63,   850.56
  476.01,   348.77,   101.50
  478.70,   350.93,   226.72
  481.38,   353.43,   351.80
  474.79,   473.93,    99.27
  477.55,   475.97,   224.70
  480.11,   478.15,   349.95
  473.55,   599.21,    97.14
  476.08,   601.58,   222.30
  478.49,   603.47,   347.40
  601.11,   350.18,    99.06
  603.90,   352.41,   224.01
  606.61,   354.72,   348.73
  599.87,   475.26,    96.75
  602.78,   477.47,   221.86
  605.46,   479.67,   346.78
  598.57,   600.49,    94.58
  601.27,   602.83,   219.56
  603.88,   604.89,   344.45
  726.11,   351.58,    96.82
  728.95,   354.04,   221.27
  731.88,   356.17,   345.36
  724.81,   476.29,    94.32
  727.83,   479.04,   218.80
  730.84,   481.41,   343.12
  723.30,   601.32,    91.90
  726.40,   603.89,   216.77
  729.46,   606.36,   341.33
  474.56,   351.29,   224.12
  473.10,   352.82,   349.24
  471.60,   354.25,   474.24
  475.93,   476.36,   223.06
  474.35,   477.56,   348.34
  472.76,   478.86,   473.29
  476.98,   601.99,   221.62
  475.25,   602.89,   346.76
  473.62,   603.91,   471.71
  599.77,   350.32,   225.58
  598.33,   351.67,   350.37
  596.76,   352.98,   475.31
  601.18,   475.40,   224.40
  599.70,   476.61,   349.38
  598.13,   477.81,   474.29
  602.20,   600.77,   223.06
  600.66,   601.84,   348.00
  599.11,   602.97,   472.87
  724.87,   349.49,   227.00
  723.64,   350.63,   351.16
  722.16,   351.79,   476.02
  726.28,   474.54,   225.48
  725.11,   475.88,   349.86
  723.61,   476.98,   474.70
  727.39,   599.42,   224.41
  726.28,   600.89,   349.00
  724.87,   602.24,   473.77
  473.67,   349.31,   349.14
  471.78,   349.25,   474.15
  469.80,   348.94,   599.03
  476.96,   474.00,   349.78
  475.00,   473.81,   474.73
  473.07,   473.71,   599.36
  479.91,   599.28,   349.75
  477.91,   598.82,   474.70
  476.12,   598.74,   599.51
  598.85,   346.09,   350.63
  596.90,   345.92,   475.58
  594.88,   345.71,   600.73
  602.28,   470.99,   351.16
  600.33,   470.71,   476.07
  598.27,   470.55,   601.03
  605.31,   596.18,   351.32
  603.38,   595.83,   476.20
  601.46,   595.73,   601.14
  724.11,   342.97,   351.83
  722.25,   342.65,   476.69
  720.26,   342.47,   602.41
  727.64,   468.20,   351.99
  725.74,   467.80,   476.84
  723.51,   467.44,   602.44
  730.88,   593.21,   352.62
  729.08,   593.04,   477.41
  726.89,   592.86,   602.61
  475.81,   349.86,   476.10
  473.13,   349.21,   600.97
  470.49,   348.48,   725.84
  477.02,   474.47,   477.01
  474.39,   474.02,   601.62
  471.83,   473.69,   726.15
  477.91,   599.51,   477.31
  475.43,   599.09,   602.10
  473.07,   598.94,   726.85
  600.96,   348.53,   478.22
  598.24,   347.98,   603.38
  595.66,   347.46,   728.68
  602.38,   473.37,   479.04
  599.62,   472.86,   603.99
  596.84,   472.47,   728.99
  603.40,   598.53,   479.49
  600.78,   598.08,   604.44
  598.10,   597.74,   729.44
  726.35,   347.28,   480.02
  723.64,   346.74,   605.76
  720.93,   346.43,   731.83
  727.81,   472.47,   480.52
  724.86,   471.76,   606.12
  721.81,   471.14,   731.98
  729.12,   597.75,   481.43
  726.23,   597.22,   606.61
  722.99,   596.40,   731.95
  472.88,   348.37,   601.01
  473.78,   346.98,   725.91
  474.98,   345.62,   850.80
  476.23,   473.14,   602.28
  477.21,   472.15,   726.82
  478.46,   471.08,   851.71
  479.37,   598.17,   603.37
  480.55,   597.35,   728.13
  481.79,   596.42,   853.05
  597.97,   345.08,   599.84
  598.95,   343.90,   725.19
  599.95,   342.69,   850.26
  601.45,   469.91,   601.07
  602.21,   468.85,   726.12
  603.30,   467.79,   851.31
  604.72,   595.09,   602.13
  605.55,   594.07,   727.16
  606.63,   592.97,   852.35
  723.37,   341.77,   598.62
  724.22,   340.81,   724.72
  724.97,   339.84,   849.97
  726.70,   466.74,   599.59
  727.19,   465.46,   725.52
  728.13,   464.49,   850.91
  730.15,   592.16,   600.72
  730.43,   590.66,   726.10
  731.27,   589.34,   851.48
  475.59,   474.58,   100.35
  476.84,   473.92,   225.82
  477.90,   473.40,   351.10
  478.77,   599.88,   100.87
  479.80,   599.51,   226.08
  480.72,   598.68,   351.23
  481.83,   725.10,   101.49
  482.49,   725.06,   225.99
  483.29,   724.10,   350.64
  600.66,   471.54,    99.34
  602.07,   471.04,   224.49
  603.23,   470.53,   349.45
  603.77,   596.76,    99.81
  605.00,   596.37,   224.84
  606.13,   595.73,   349.78
  606.85,   721.94,   100.40
  607.67,   721.62,   225.13
  608.69,   720.93,   349.78
  725.60,   468.23,    98.43
  727.12,   468.27,   222.92
  728.59,   467.89,   347.27
  728.51,   593.19,    98.65
  730.16,   593.13,   223.51
  731.71,   592.89,   348.07
  731.40,   718.40,    98.99
  732.84,   717.82,   224.23
  734.41,   717.56,   349.08
  474.25,   474.59,   226.64
  471.06,   474.83,   351.88
  467.86,   475.17,   476.80
  474.66,   600.22,   226.17
  471.33,   600.15,   351.30
  468.10,   600.21,   476.22
  474.81,   725.81,   225.37
  471.37,   725.61,   349.99
  468.35,   725.65,   475.06
  599.48,   474.26,   229.57
  596.38,   474.49,   354.54
  593.19,   474.73,   479.44
  599.86,   599.64,   229.19
  596.70,   599.73,   354.12
  593.53,   599.88,   478.99
  599.97,   724.95,   228.74
  596.70,   724.99,   353.32
  593.68,   725.26,   478.14
  724.58,   474.04,   232.21
  721.78,   474.38,   356.60
  718.64,   474.50,   481.46
  725.06,   598.94,   232.12
  722.31,   599.42,   356.69
  719.26,   599.78,   481.47
  725.18,   723.68,   232.13
  722.44,   724.18,   356.92
  719.54,   724.92,   481.53
  475.15,   474.37,   350.73
  475.86,   470.90,   475.64
  476.60,   467.50,   600.23
  471.43,   599.58,   353.97
  472.12,   595.83,   478.90
  473.01,   592.47,   603.65
  467.51,   724.92,   356.48
  468.40,   721.16,   481.58
  469.53,   717.84,   607.06
  600.47,   478.03,   349.56
  601.20,   474.46,   474.42
  601.82,   471.00,   599.33
  596.79,   603.17,   352.98
  597.55,   599.51,   477.82
  598.33,   596.12,   602.73
  592.79,   728.33,   355.97
  593.70,   724.78,   480.81
  594.75,   721.53,   605.99
  725.85,   481.93,   347.86
  726.64,   478.25,   472.63
  727.07,   474.59,   598.13
  722.38,   606.83,   351.80
  723.27,   603.40,   476.52
  723.78,   599.95,   601.62
  718.50,   731.49,   355.83
  719.54,   728.43,   480.41
  720.44,   725.39,   605.06
  474.77,   473.75,   475.26
  472.90,   476.39,   599.86
  471.10,   479.18,   724.37
  474.42,   598.77,   472.44
  472.68,   601.44,   597.22
  471.08,   604.38,   721.97
  474.06,   724.18,   469.01
  472.59,   726.90,   594.49
  471.00,   729.60,   719.98
  600.14,   473.94,   476.56
  598.15,   476.52,   601.49
  596.13,   479.24,   726.46
  599.91,   599.07,   473.89
  598.06,   601.72,   598.80
  596.14,   604.50,   723.80
  599.45,   724.40,   470.83
  597.86,   727.20,   595.97
  596.15,   729.96,   721.25
  725.61,   474.33,   477.28
  723.43,   476.73,   602.84
  721.10,   479.20,   728.65
  725.66,   599.58,   475.09
  723.56,   602.18,   600.22
  721.10,   604.50,   725.50
  725.35,   724.66,   472.97
  723.61,   727.68,   597.61
  721.67,   730.27,   722.39
  475.31,   474.15,   601.12
  477.89,   471.87,   725.62
  480.73,   469.51,   850.47
  476.49,   599.20,   603.49
  479.28,   597.09,   728.21
  482.13,   594.87,   853.09
  477.80,   724.66,   605.84
  480.59,   722.30,   731.24
  483.19,   719.75,   856.00
  600.54,   472.90,   598.32
  602.91,   470.55,   723.32
  605.58,   468.20,   848.47
  601.85,   598.10,   600.66
  604.31,   595.80,   725.64
  606.98,   593.40,   850.79
  603.06,   723.58,   602.87
  605.74,   721.27,   728.08
  608.39,   718.54,   853.01
  725.82,   471.73,   595.20
  727.90,   469.14,   721.07
  730.41,   466.87,   846.47
  727.33,   597.17,   597.65
  729.22,   594.39,   722.96
  731.61,   591.74,   848.31
  728.79,   722.68,   600.08
  731.18,   720.15,   724.87
  733.44,   716.86,   849.90
  476.98,   598.84,    99.30
  473.09,   596.56,   224.45
  469.10,   593.83,   349.56
  477.13,   724.08,   101.85
  472.88,   722.14,   226.29
  468.78,   719.27,   350.92
  477.11,   848.99,   104.25
  472.84,   846.82,   228.41
  469.06,   844.32,   352.98
  601.98,   598.57,   103.17
  598.27,   596.27,   228.13
  594.44,   593.70,   353.04
  602.14,   723.78,   105.69
  598.02,   721.57,   230.31
  594.07,   718.95,   354.87
  602.13,   848.55,   107.98
  597.99,   846.25,   232.57
  594.08,   843.96,   357.20
  726.71,   597.84,   106.93
  723.45,   595.87,   231.72
  720.03,   593.70,   356.24
  726.70,   723.05,   109.24
  723.22,   720.61,   234.38
  719.80,   718.46,   359.10
  727.00,   848.18,   111.20
  723.21,   845.49,   236.76
  719.48,   843.31,   361.82
  473.36,   601.62,   225.88
  475.56,   598.75,   351.01
  477.86,   596.02,   475.93
  473.56,   727.18,   227.83
  475.65,   724.17,   352.47
  478.14,   721.42,   477.53
  473.96,   851.80,   230.10
  476.39,   849.20,   354.73
  478.94,   846.79,   479.79
  598.57,   601.03,   223.38
  600.96,   598.33,   348.29
  603.35,   595.70,   473.12
  598.75,   726.32,   225.69
  601.02,   723.56,   350.29
  603.55,   721.03,   475.10
  599.16,   850.94,   228.07
  601.46,   848.52,   352.80
  604.06,   846.24,   477.61
  723.74,   600.28,   220.81
  726.56,   598.00,   345.35
  729.08,   595.58,   470.05
  723.93,   725.03,   223.55
  726.75,   722.70,   348.36
  729.44,   720.66,   472.97
  724.40,   849.93,   226.00
  726.85,   847.57,   351.19
  729.44,   845.44,   475.78
  475.34,   600.23,   351.42
  473.02,   597.52,   476.35
  470.91,   595.19,   601.13
  476.71,   725.64,   352.90
  474.60,   722.92,   477.98
  472.75,   720.63,   603.48
  478.75,   850.65,   355.21
  476.69,   848.27,   480.27
  474.68,   846.03,   605.79
  600.73,   598.42,   353.29
  598.49,   595.81,   478.16
  596.25,   593.46,   603.07
  602.08,   723.64,   355.31
  599.98,   721.14,   480.13
  598.00,   718.93,   605.29
  603.81,   848.60,   357.85
  601.80,   846.35,   482.65
  599.87,   844.19,   607.60
  726.35,   596.74,   354.91
  724.21,   594.32,   479.67
  721.69,   591.88,   604.83
  727.84,   721.44,   357.95
  725.87,   719.43,   482.55
  723.71,   717.41,   607.22
  729.21,   846.28,   360.83
  727.19,   844.21,   485.36
  725.44,   842.37,   609.55
  472.95,   600.90,   474.34
  472.35,   604.67,   599.11
  471.89,   608.71,   723.87
  473.37,   726.29,   469.82
  473.03,   730.11,   595.30
  472.58,   733.90,   720.79
  474.32,   851.58,   466.03
  473.80,   855.42,   591.46
  473.15,   859.05,   717.14
  598.44,   600.42,   474.69
  597.73,   604.17,   599.58
  596.97,   608.04,   724.56
  598.76,   725.72,   470.54
  598.31,   729.62,   595.66
  597.75,   733.47,   720.92
  599.43,   850.88,   467.00
  599.03,   854.79,   591.89
  598.33,   858.50,   717.08
  724.21,   600.14,   474.77
  723.25,   603.84,   599.88
  721.94,   607.25,   725.14
  724.67,   725.18,   471.57
  724.08,   729.30,   596.19
  723.29,   733.00,   720.94
  724.79,   849.91,   468.29
  724.52,   854.08,   592.49
  724.33,   858.09,   716.78
  476.55,   600.22,   598.81
  478.65,   596.90,   723.52
  480.82,   593.49,   848.36
  476.55,   725.66,   602.37
  478.66,   722.10,   727.76
  480.57,   718.35,   852.52
  476.63,   851.01,   605.91
  478.55,   847.25,   731.61
  480.20,   842.91,   856.44
  601.93,   600.44,   596.68
  603.71,   596.94,   721.65
  605.68,   593.34,   846.77
  601.83,   725.90,   600.11
  603.82,   722.38,   725.32
  605.79,   718.47,   850.25
  601.85,   851.10,   603.67
  603.74,   847.47,   728.87
  605.59,   843.37,   853.87
  727.45,   600.84,   594.38
  728.67,   596.87,   719.66
  730.33,   592.99,   844.99
  727.58,   726.31,   598.05
  729.30,   722.60,   722.81
  730.87,   718.12,   847.82
  727.38,   851.14,   601.62
  729.79,   847.85,   725.92
  731.79,   843.72,   850.79
  601.05,    99.43,   101.66
  599.36,    96.88,   226.68
  597.66,    94.02,   351.46
  598.03,   224.16,   104.45
  596.28,   221.60,   229.28
  594.53,   219.01,   353.89
  595.36,   348.99,   107.16
  593.70,   346.24,   232.11
  591.97,   343.61,   356.88
  725.78,   102.16,   103.47
  724.37,    99.44,   228.59
  722.88,    96.78,   353.63
  722.93,   227.12,   106.75
  721.44,   224.33,   231.51
  719.87,   221.47,   355.84
  720.35,   352.03,   109.41
  718.80,   349.42,   233.81
  717.27,   346.55,   358.01
  850.73,   105.04,   105.29
  849.19,   101.90,   230.39
  847.97,    99.42,   355.51
  848.28,   230.32,   108.79
  846.42,   227.32,   233.73
  844.89,   224.32,   357.84
  845.18,   354.87,   111.13
  843.43,   352.42,   235.47
  842.05,   349.66,   359.68
  600.29,    99.54,   226.28
  601.67,    98.91,   351.08
  603.01,    98.44,   475.98
  598.68,   224.30,   226.73
  600.03,   223.91,   351.38
  601.33,   223.46,   476.34
  597.54,   349.01,   227.39
  598.92,   348.58,   352.18
  600.18,   348.10,   477.11
  725.32,   100.69,   225.05
  726.93,   100.23,   350.12
  728.17,    99.81,   474.87
  723.85,   225.65,   225.84
  725.39,   225.00,   350.18
  726.81,   224.53,   475.01
  722.64,   350.81,   225.99
  724.23,   350.16,   350.17
  725.58,   349.52,   475.01
  850.15,   101.76,   223.69
  852.04,   101.48,   348.85
  853.25,   101.05,   473.65
  848.85,   227.27,   224.94
  850.38,   226.49,   349.06
  851.89,   226.03,   473.84
  847.28,   352.37,   224.54
  848.95,   351.88,   348.77
  850.57,   351.20,   473.73
  600.85,   101.33,   351.51
  599.46,   104.59,   476.35
  598.22,   107.96,   601.58
  603.80,   226.22,   348.14
  602.38,   229.50,   473.05
  601.06,   232.71,   598.40
  607.26,   350.84,   345.20
  605.81,   354.07,   470.10
  604.25,   357.27,   595.23
  726.12,    98.13,   353.36
  724.61,   101.42,   478.05
  723.26,   104.96,   602.88
  729.12,   222.81,   349.75
  727.82,   226.06,   474.50
  726.58,   229.64,   599.94
  732.51,   347.92,   346.00
  731.16,   351.00,   470.77
  729.63,   354.19,   596.45
  851.22,    94.88,   354.87
  849.67,    98.15,   479.63
  848.25,   101.63,   604.44
  854.08,   219.78,   351.43
  852.86,   223.05,   476.15
  851.58,   226.61,   601.44
  857.13,   345.10,   347.50
  856.07,   348.16,   472.38
  854.68,   351.13,   598.09
  600.12,    98.57,   474.27
  597.56,   100.80,   599.46
  594.92,   102.81,   724.64
  599.88,   223.58,   472.05
  597.26,   225.64,   597.40
  594.71,   227.59,   722.89
  600.18,   348.21,   470.23
  597.32,   350.26,   595.36
  594.59,   352.36,   720.62
  725.26,    98.54,   477.18
  722.58,   100.92,   601.98
  720.03,   103.17,   726.99
  725.35,   223.25,   474.75
  722.79,   225.69,   600.18
  720.01,   228.14,   725.69
  725.57,   348.23,   472.16
  722.72,   350.29,   597.83
  719.86,   352.57,   723.88
  850.33,    98.38,   479.99
  847.60,   100.71,   604.79
  845.33,   103.16,   729.91
  850.42,   223.34,   477.62
  847.84,   225.76,   602.92
  845.26,   228.19,   728.25
  850.54,   348.49,   474.93
  847.83,   350.34,   600.67
  844.94,   352.45,   726.67
  599.90,    98.82,   601.24
  598.06,    98.34,   726.41
  596.16,    97.94,   851.30
  597.80,   223.67,   601.66
  596.06,   223.13,   727.19
  594.13,   222.55,   852.03
  596.05,   348.30,   602.09
  594.13,   347.90,   727.39
  592.27,   347.47,   852.43
  724.91,   100.69,   602.96
  723.17,   100.43,   727.98
  721.40,    99.52,   852.72
  723.33,   225.47,   603.65
  721.36,   225.44,   729.17
  719.45,   225.02,   853.83
  721.45,   350.07,   603.79
  719.41,   349.87,   729.87
  717.30,   349.67,   855.05
  849.93,   102.22,   604.99
  848.46,   102.15,   730.14
  846.74,   101.20,   854.82
  848.38,   227.28,   605.57
  846.61,   227.22,   730.93
  844.93,   227.02,   855.77
  846.57,   351.85,   605.82
  844.48,   351.49,   731.85
  842.37,   351.50,   856.73
  599.89,   226.81,   100.95
  600.76,   224.77,   225.82
  601.63,   222.69,   350.44
  597.95,   351.69,   103.19
  598.92,   349.46,   228.16
  599.82,   347.34,   352.92
  595.91,   476.77,   105.33
  596.99,   474.50,   230.48
  597.85,   472.23,   355.44
  724.82,   229.11,   100.61
  725.93,   226.85,   225.44
  726.99,   224.50,   349.76
  722.96,   354.00,   102.80
  724.02,   351.97,   227.26
  725.12,   349.63,   351.42
  720.86,   478.73,   104.71
  722.11,   476.99,   229.23
  723.26,   474.85,   353.60
  850.24,   231.64,    99.93
  850.92,   229.19,   225.04
  851.97,   226.72,   349.15
  847.83,   356.14,   101.88
  848.64,   354.26,   226.29
  849.84,   352.07,   350.54
  845.35,   480.77,   103.76
  846.48,   479.25,   227.96
  847.98,   477.34,   352.45
  598.79,   225.91,   226.33
  598.35,   226.14,   350.98
  597.86,   226.31,   475.96
  601.67,   350.62,   226.38
  601.26,   350.79,   351.16
  600.73,   350.92,   476.11
  604.46,   475.69,   226.37
  604.02,   475.72,   351.33
  603.48,   475.74,   476.25
  723.95,   223.26,   227.22
  723.70,   223.22,   351.57
  723.33,   223.37,   476.41
  726.74,   348.41,   226.76
  726.55,   348.36,   350.93
  726.11,   348.34,   475.79
  729.53,   473.45,   226.39
  729.40,   473.61,   350.77
  728.93,   473.52,   475.62
  848.94,   220.84,   228.10
  848.70,   220.68,   352.25
  848.41,   220.84,   477.04
  851.37,   345.96,   227.12
  851.25,   346.06,   351.35
  851.09,   345.99,   476.33
  853.84,   470.93,   226.41
  854.05,   471.35,   350.96
  853.81,   471.23,   476.03
  601.68,   225.42,   350.54
  599.15,   227.48,   475.48
  596.74,   229.46,   600.84
  599.87,   350.07,   348.79
  597.31,   352.08,   473.71
  594.66,   354.07,   598.83
  597.91,   474.98,   347.06
  595.34,   476.89,   471.96
  592.68,   478.92,   596.86
  727.01,   227.24,   353.10
  724.61,   229.28,   477.90
  722.26,   231.64,   603.37
  725.16,   352.39,   350.54
  722.68,   354.25,   475.37
  720.04,   356.23,   601.05
  723.30,   477.61,   348.51
  720.79,   479.41,   473.32
  717.94,   481.26,   598.82
  851.97,   229.47,   355.73
  849.68,   231.51,   480.51
  847.30,   233.84,   605.86
  849.86,   354.84,   352.91
  847.66,   356.65,   477.84
  845.14,   358.40,   603.63
  848.00,   480.11,   350.61
  845.72,   481.89,   475.60
  842.93,   483.48,   601.26
  601.24,   225.08,   475.87
  604.24,   221.32,   601.19
  607.31,   217.47,   726.64
  604.24,   349.64,   479.81
  606.99,   345.87,   604.91
  609.88,   342.15,   730.24
  607.14,   474.42,   483.75
  609.84,   470.68,   608.65
  612.51,   467.04,   733.69
  726.67,   222.09,   472.89
  729.73,   218.71,   598.28
  732.56,   215.39,   723.66
  729.59,   347.01,   476.07
  732.37,   343.24,   601.74
  735.13,   339.73,   727.81
  732.55,   472.14,   479.71
  735.06,   468.18,   605.25
  737.46,   464.31,   731.15
  851.69,   219.52,   470.09
  854.67,   216.11,   595.32
  857.76,   212.66,   720.50
  854.50,   344.63,   473.21
  857.39,   340.64,   598.92
  860.16,   336.88,   724.73
  857.36,   469.79,   476.75
  859.99,   465.56,   602.39
  862.31,   461.40,   728.13
  598.93,   226.18,   600.93
  595.42,   225.37,   726.41
  591.73,   224.51,   851.23
  599.17,   350.82,   601.66
  595.49,   350.16,   726.93
  591.87,   349.46,   851.93
  599.52,   475.71,   602.40
  595.65,   475.18,   727.37
  592.12,   474.64,   852.47
  724.43,   225.99,   604.68
  720.70,   225.68,   730.15
  717.03,   224.98,   854.77
  724.54,   350.60,   605.12
  720.73,   350.14,   731.17
  716.87,   349.66,   856.29
  724.74,   475.64,   605.61
  720.59,   474.86,   731.43
  716.99,   474.42,   856.72
  849.45,   225.81,   608.35
  845.93,   225.48,   733.65
  842.49,   225.01,   858.42
  849.61,   350.37,   608.93
  845.78,   349.76,   734.89
  841.92,   349.51,   859.69
  849.69,   475.42,   609.33
  845.39,   474.37,   735.15
  841.40,   474.18,   860.22
  600.49,   351.06,   100.53
  601.08,   347.68,   225.48
  601.59,   344.39,   350.20
  600.58,   476.13,   103.82
  601.30,   472.71,   228.93
  601.78,   469.28,   353.85
  600.58,   601.38,   107.23
  601.11,   598.03,   232.22
  601.55,   594.45,   357.13
  725.52,   351.23,   100.49
  726.18,   348.04,   224.94
  726.91,   344.53,   349.07
  725.55,   475.94,   103.56
  726.41,   473.06,   228.02
  727.20,   469.75,   352.35
  725.36,   600.92,   106.75
  726.34,   597.92,   231.57
  727.19,   594.75,   356.10
  850.43,   351.24,    99.91
  850.83,   348.18,   224.36
  851.63,   344.82,   348.57
  850.05,   475.86,   102.93
  850.77,   473.15,   227.10
  851.89,   470.10,   351.60
  849.88,   600.78,   106.20
  850.81,   597.90,   230.74
  852.10,   594.84,   355.32
  600.85,   351.23,   226.85
  603.22,   354.97,   351.56
  605.46,   358.66,   476.42
  597.57,   476.21,   223.34
  599.89,   479.83,   348.25
  602.13,   483.44,   473.07
  593.89,   601.52,   219.65
  596.14,   604.98,   344.53
  598.39,   608.51,   469.32
  725.89,   355.00,   224.36
  728.47,   358.56,   348.44
  730.81,   362.10,   473.19
  722.61,   479.93,   220.54
  725.25,   483.71,   344.86
  727.57,   487.22,   469.58
  719.01,   604.72,   217.13
  721.69,   608.59,   341.68
  724.11,   612.36,   466.37
  850.44,   358.52,   221.80
  853.09,   362.27,   345.98
  855.69,   365.78,   470.88
  846.90,   483.40,   217.70
  849.89,   487.43,   342.13
  852.42,   490.95,   467.09
  843.43,   608.05,   214.43
  846.55,   612.01,   338.98
  849.24,   615.99,   463.94
  598.41,   349.18,   350.06
  596.63,   346.01,   474.96
  594.77,   342.79,   600.07
  599.12,   474.08,   353.57
  597.34,   470.79,   478.44
  595.46,   467.62,   603.35
  599.40,   599.27,   356.69
  597.66,   595.90,   481.54
  595.92,   592.79,   606.45
  723.72,   348.75,   351.05
  722.03,   345.41,   475.88
  720.21,   342.21,   601.56
  724.54,   473.97,   354.22
  722.80,   470.55,   479.04
  720.73,   467.18,   604.59
  725.05,   598.96,   357.83
  723.40,   595.79,   482.59
  721.38,   592.58,   607.74
  848.47,   348.45,   352.66
  847.06,   345.05,   477.59
  845.35,   341.65,   603.37
  849.26,   473.73,   355.58
  847.74,   470.27,   480.60
  845.75,   466.62,   606.30
  849.99,   598.47,   359.21
  848.55,   595.46,   484.21
  846.39,   592.06,   609.42
  598.92,   350.64,   473.25
  598.55,   351.25,   598.41
  598.30,   351.90,   723.74
  601.88,   475.46,   472.88
  601.47,   476.11,   597.85
  601.03,   476.88,   722.88
  604.44,   600.60,   472.14
  604.18,   601.32,   597.10
  603.83,   602.14,   722.14
  724.30,   347.87,   472.70
  723.95,   348.48,   598.41
  723.58,   349.32,   724.53
  727.32,   473.04,   472.02
  726.74,   473.49,   597.59
  726.01,   474.02,   723.49
  730.18,   598.29,   471.76
  729.67,   598.94,   596.94
  728.77,   599.29,   722.28
  849.28,   345.32,   472.99
  849.05,   345.73,   598.78
  848.66,   346.39,   724.80
  852.20,   470.57,   472.18
  851.72,   470.75,   597.88
  850.88,   470.99,   723.77
  855.24,   595.73,   471.98
  854.63,   596.21,   597.23
  853.53,   596.28,   722.42
  598.18,   351.25,   600.32
  601.06,   349.37,   725.62
  603.98,   347.47,   850.68
  595.26,   476.09,   602.38
  597.95,   474.33,   727.35
  600.96,   472.55,   852.50
  592.10,   601.26,   604.25
  594.92,   599.56,   729.22
  597.93,   597.74,   854.36
  723.54,   354.35,   597.22
  726.29,   352.64,   723.31
  728.96,   350.98,   848.57
  720.49,   479.36,   599.05
  722.88,   477.34,   724.86
  725.75,   475.64,   850.22
  717.55,   604.77,   601.01
  719.81,   602.60,   726.28
  722.55,   600.52,   851.60
  848.60,   357.47,   594.46
  851.30,   355.53,   720.46
  854.01,   354.00,   845.40
  845.47,   482.53,   596.17
  847.70,   480.19,   722.01
  850.13,   478.59,   847.19
  842.60,   608.00,   598.15
  844.58,   605.52,   723.30
  847.07,   603.49,   848.47
  600.91,   476.87,    98.27
  599.87,   476.19,   223.43
  598.58,   475.48,   348.41
  603.93,   602.09,    98.99
  602.70,   601.53,   224.00
  601.36,   600.69,   348.95
  606.92,   727.26,    99.81
  605.27,   726.78,   224.53
  603.82,   725.90,   349.16
  725.84,   473.63,    99.78
  724.93,   473.48,   224.29
  723.96,   472.92,   348.67
  728.66,   598.60,   100.25
  727.87,   598.35,   225.13
  726.96,   597.92,   349.71
  731.46,   723.81,   100.84
  730.45,   723.04,   226.09
  729.56,   722.60,   350.93
  850.33,   470.52,   100.91
  849.26,   470.54,   225.11
  848.63,   470.23,   349.62
  853.16,   595.45,   101.47
  852.27,   595.30,   226.03
  851.82,   594.97,   350.66
  855.97,   720.43,   102.03
  855.11,   719.80,   226.94
  854.61,   719.46,   352.12
  599.73,   473.00,   226.15
  600.31,   475.14,   351.11
  600.82,   477.28,   476.00
  597.09,   598.35,   223.89
  597.60,   600.34,   348.83
  598.12,   602.39,   473.69
  594.19,   723.65,   221.54
  594.56,   725.57,   346.14
  595.21,   727.71,   470.96
  724.82,   475.77,   225.12
  725.72,   478.05,   349.49
  726.28,   480.08,   474.30
  722.26,   600.62,   223.13
  723.21,   603.02,   347.72
  723.87,   605.29,   472.48
  719.36,   725.37,   221.21
  720.28,   727.71,   346.06
  721.08,   730.33,   470.70
  849.16,   478.29,   224.05
  850.41,   480.82,   348.56
  851.19,   482.83,   473.59
  846.72,   603.01,   222.19
  848.12,   605.50,   346.80
  849.03,   607.97,   471.83
  844.08,   727.49,   220.26
  845.40,   729.97,   345.45
  846.52,   732.89,   470.45
  600.30,   474.09,   349.62
  601.75,   474.59,   474.51
  603.10,   475.19,   599.47
  599.08,   599.32,   348.97
  600.55,   599.74,   473.84
  602.05,   600.42,   598.78
  597.52,   724.58,   347.94
  599.13,   725.09,   472.78
  600.89,   725.92,   597.95
  725.71,   475.53,   347.09
  727.23,   475.91,   471.90
  728.39,   476.32,   597.44
  724.69,   600.53,   346.95
  726.31,   601.17,   471.71
  727.56,   601.80,   596.85
  723.26,   725.26,   346.94
  725.03,   726.25,   471.59
  726.65,   727.31,   596.26
  850.39,   476.82,   345.26
  852.13,   477.19,   470.29
  853.38,   477.34,   595.97
  849.59,   601.55,   345.11
  851.44,   602.36,   470.15
  852.58,   602.83,   595.38
  848.36,   726.06,   345.38
  850.44,   727.33,   470.40
  852.00,   728.34,   595.06
  600.38,   473.85,   476.35
  596.45,   475.57,   601.26
  592.51,   477.42,   726.19
  599.33,   598.99,   474.52
  595.55,   600.77,   599.42
  591.71,   602.69,   724.37
  598.07,   724.33,   472.30
  594.54,   726.26,   597.42
  590.91,   728.15,   722.69
  725.80,   475.06,   479.00
  721.68,   476.60,   604.53
  717.43,   478.21,   730.31
  725.04,   600.33,   477.64
  720.99,   602.05,   602.75
  716.62,   603.51,   728.01
  723.92,   725.42,   476.34
  720.24,   727.57,   600.96
  716.35,   729.27,   725.74
  850.67,   476.23,   482.65
  846.63,   477.49,   608.30
  842.23,   478.82,   734.11
  850.14,   601.44,   481.33
  845.98,   603.00,   606.49
  841.34,   604.15,   731.63
  849.32,   726.44,   480.41
  845.59,   728.56,   604.96
  841.54,   730.27,   729.34
  599.80,   473.03,   599.46
  603.16,   470.80,   724.43
  606.83,   468.56,   849.57
  598.01,   598.21,   601.77
  601.47,   596.04,   726.72
  605.14,   593.76,   851.85
  596.12,   723.69,   603.95
  599.80,   721.49,   729.15
  603.46,   718.89,   854.05
  725.05,   474.97,   595.41
  728.12,   472.49,   721.24
  731.62,   470.32,   846.62
  723.47,   600.40,   597.83
  726.37,   597.75,   723.10
  729.75,   595.20,   848.41
  721.81,   725.89,   600.21
  725.23,   723.50,   724.98
  728.50,   720.34,   849.97
  850.02,   476.81,   591.88
  852.97,   474.01,   717.70
  856.04,   471.92,   842.85
  848.48,   602.28,   594.31
  851.14,   599.33,   719.44
  854.26,   596.87,   844.57
  847.16,   727.77,   596.98
  850.34,   725.38,   721.38
  853.63,   722.45,   845.93
  600.58,   599.47,   100.53
  602.86,   598.54,   225.54
  605.05,   597.35,   350.47
  604.00,   724.63,   101.63
  605.87,   723.78,   226.33
  607.96,   722.54,   350.96
  607.26,   849.38,   102.46
  609.12,   848.39,   227.18
  611.21,   847.47,   351.95
  725.29,   595.56,    98.29
  727.99,   594.94,   223.15
  730.61,   594.17,   347.69
  728.54,   720.76,    99.14
  731.02,   719.63,   224.36
  733.66,   718.82,   349.20
  732.08,   845.95,    99.63
  734.30,   844.50,   225.28
  736.58,   843.64,   350.53
  849.79,   591.95,    96.01
  852.33,   591.47,   220.55
  855.37,   590.79,   345.14
  853.00,   716.92,    96.84
  855.62,   715.98,   221.70
  858.61,   715.27,   346.82
  856.67,   842.83,    97.10
  859.13,   841.43,   222.74
  861.45,   840.30,   348.31
  599.87,   601.46,   223.90
  599.85,   601.55,   348.86
  599.82,   601.70,   473.75
  596.00,   726.75,   223.45
  595.84,   726.76,   348.07
  595.94,   727.01,   472.92
  592.37,   851.35,   223.05
  592.26,   851.70,   347.80
  592.46,   852.19,   472.69
  725.02,   604.70,   223.74
  725.43,   605.20,   348.35
  725.54,   605.58,   473.13
  721.16,   729.44,   223.72
  721.53,   729.89,   348.59
  721.79,   730.62,   473.24
  717.60,   854.33,   223.37
  717.60,   854.76,   348.58
  717.74,   855.36,   473.24
  849.45,   608.06,   223.38
  850.31,   608.65,   348.03
  850.67,   609.23,   473.08
  845.86,   732.55,   223.34
  846.63,   733.14,   348.58
  847.20,   734.16,   473.58
  842.53,   858.13,   223.20
  842.53,   858.22,   348.77
  842.71,   858.65,   473.54
  599.97,   601.55,   348.56
  598.29,   604.66,   473.39
  596.64,   608.03,   598.29
  600.51,   726.76,   344.86
  598.96,   729.97,   469.62
  597.58,   733.49,   594.75
  601.46,   851.67,   341.68
  600.01,   855.12,   466.51
  598.66,   858.65,   591.38
  725.59,   600.72,   349.70
  724.05,   604.04,   474.45
  722.16,   607.37,   599.55
  726.25,   725.39,   347.02
  724.86,   729.08,   471.62
  723.33,   732.84,   596.24
  726.85,   850.24,   344.12
  725.33,   853.81,   468.73
  724.13,   857.59,   592.91
  850.50,   599.72,   351.02
  849.21,   603.21,   476.03
  847.21,   606.38,   601.21
  851.35,   724.19,   348.60
  850.29,   728.14,   473.60
  848.73,   731.86,   598.19
  851.80,   849.24,   345.88
  850.37,   852.66,   470.68
  849.49,   856.60,   594.79
  600.02,   599.38,   474.99
  597.17,   599.50,   599.92
  594.27,   599.75,   724.91
  597.43,   724.72,   474.40
  594.85,   724.98,   599.57
  592.15,   725.21,   724.87
  595.21,   849.93,   474.39
  592.67,   850.24,   599.35
  589.83,   850.32,   724.67
  725.73,   601.98,   477.18
  722.63,   602.05,   602.32
  719.18,   601.83,   727.63
  723.29,   727.07,   477.52
  720.55,   727.56,   602.17
  717.59,   727.59,   727.00
  720.53,   851.85,   477.76
  718.15,   852.42,   601.98
  715.76,   852.77,   726.40
  850.84,   604.36,   479.97
  847.62,   604.27,   605.15
  843.92,   603.75,   730.31
  848.70,   729.36,   480.68
  845.92,   729.82,   605.25
  842.79,   729.86,   729.66
  845.54,   853.89,   480.89
  843.54,   854.67,   604.97
  841.65,   855.64,   728.94
  599.75,   601.34,   600.05
  596.49,   598.15,   725.00
  593.46,   594.88,   850.08
  600.10,   726.81,   603.19
  597.04,   723.59,   728.42
  593.97,   719.99,   853.33
  600.57,   852.02,   606.45
  597.37,   848.67,   731.69
  594.14,   844.85,   856.70
  725.22,   601.15,   602.79
  721.39,   597.48,   728.06
  718.14,   593.97,   853.36
  725.81,   726.65,   606.13
  722.46,   723.20,   730.91
  719.02,   719.03,   855.93
  726.10,   851.51,   609.38
  723.38,   848.45,   733.72
  720.26,   844.56,   858.69
  850.19,   600.60,   605.96
  846.13,   596.64,   731.10
  842.66,   593.26,   856.28
  851.12,   726.12,   609.54
  847.57,   722.68,   733.93
  844.14,   718.54,   858.58
  851.52,   851.06,   612.74
  849.19,   848.63,   736.69
  845.86,   845.03,   861.35
