27, 125, pa2-debug-e-output1.txt
  207.88,   200.60,   207.76
  391.80,   405.98,   205.09
   99.44,   100.46,    98.91
   99.93,   103.67,   224.06
   99.74,   107.37,   348.38
  102.05,   225.92,    95.08
  103.16,   228.85,   220.49
  103.46,   231.64,   344.18
  104.55,   350.04,    91.93
  105.86,   353.53,   216.56
  107.83,   356.43,   341.00
  224.69,    96.65,    98.47
  225.11,   100.14,   223.39
  224.96,   104.11,   348.00
  227.44,   222.55,    95.03
  227.87,   225.57,   219.90
  228.42,   227.83,   344.08
  230.12,   347.10,    91.73
  230.47,   349.92,   216.11
  232.34,   352.37,   340.70
  349.40,    92.53,    97.53
  350.16,    96.45,   222.70
  350.25,   100.56,   348.17
  353.10,   217.59,    94.65
  353.71,   221.86,   219.90
  353.69,   224.83,   344.78
  356.19,   342.66,    91.58
  356.36,   345.97,   216.59
  357.08,   348.51,   340.57
   99.32,   100.19,   226.49
  101.57,   103.18,   350.82
  104.04,   105.59,   475.42
   98.48,   225.43,   223.75
  101.07,   227.50,   347.41
  103.94,   229.90,   472.47
   97.06,   350.15,   220.71
  101.36,   352.35,   345.00
  105.30,   354.88,   470.18
  224.55,   100.82,   223.33
  226.80,   104.02,   347.93
  229.70,   106.54,   472.74
  223.09,   226.29,   220.62
  226.07,   227.79,   344.78
  229.54,   230.11,   469.71
  221.52,   350.73,   217.57
  225.84,   352.42,   342.19
  229.87,   354.97,   467.26
  349.66,   101.32,   220.16
  352.11,   104.62,   345.61
  355.10,   107.07,   470.96
  348.93,   226.73,   218.13
  351.35,   228.89,   342.96
  354.35,   231.03,   467.71
  347.33,   350.91,   215.57
  350.57,   352.66,   339.56
  353.70,   355.20,   463.76
   98.00,   102.51,   348.70
   96.65,   102.36,   473.39
   96.03,   101.90,   598.64
   94.63,   226.90,   347.83
   93.48,   226.74,   472.98
   93.13,   226.83,   599.59
   92.18,   351.71,   347.88
   92.21,   351.72,   473.04
   90.79,   351.28,   599.26
  223.17,   106.24,   349.55
  222.24,   106.20,   474.40
  221.78,   105.16,   599.74
  219.62,   229.94,   348.90
  219.28,   229.76,   473.91
  219.28,   230.41,   600.29
  216.65,   354.64,   348.90
  216.85,   354.66,   474.12
  215.92,   355.49,   599.99
  348.46,   109.80,   351.15
  347.64,   109.63,   476.47
  347.13,   108.93,   601.13
  344.85,   233.90,   350.90
  344.10,   233.51,   475.71
  343.85,   233.62,   600.75
  341.29,   357.71,   350.01
  340.73,   357.80,   474.41
  340.08,   359.01,   599.80
   97.72,   100.84,   474.62
   97.55,   101.27,   599.87
   97.54,   101.64,   725.86
   98.46,   225.19,   473.26
   98.63,   226.27,   599.92
   99.02,   227.74,   726.54
  101.00,   350.18,   472.52
  100.15,   350.82,   598.72
   99.47,   352.11,   724.89
  223.36,   100.85,   475.20
  223.30,   100.64,   600.45
  223.83,   100.37,   726.29
  224.22,   224.39,   473.80
  224.72,   225.92,   600.12
  225.53,   228.14,   727.29
  225.66,   349.25,   473.01
  225.27,   351.08,   598.86
  224.10,   353.17,   724.94
  348.81,   100.31,   476.73
  348.70,   100.57,   601.38
  348.53,   100.62,   725.99
  349.12,   224.32,   475.22
  349.33,   225.24,   600.17
  349.94,   226.63,   725.24
  349.57,   348.53,   472.93
  349.45,   350.61,   598.26
  349.08,   352.97,   724.21
  100.88,    99.28,   600.56
  102.67,    99.47,   726.53
  104.54,   100.11,   852.34
  102.41,   224.32,   600.68
  104.70,   225.83,   727.43
  106.39,   226.22,   853.89
  104.33,   348.89,   599.54
  105.46,   350.23,   725.74
  106.86,   352.10,   851.35
  226.58,    98.25,   599.31
  228.86,    97.84,   725.05
  231.15,    99.38,   850.70
  228.42,   223.50,   599.02
  231.09,   225.61,   726.11
  232.74,   226.27,   852.33
  229.42,   348.67,   597.80
  230.12,   350.76,   723.88
  230.72,   350.95,   849.01
  351.97,    97.77,   598.46
  353.54,    97.79,   723.02
  355.48,    98.18,   848.11
  353.01,   222.37,   597.30
  355.43,   223.64,   722.24
  356.80,   224.11,   847.16
  353.56,   347.70,   595.38
  355.11,   350.01,   721.31
  356.17,   350.55,   846.17
   98.49,   224.02,    98.02
   95.77,   224.83,   223.43
   92.03,   225.68,   347.16
   93.79,   348.13,    96.85
   91.40,   349.49,   221.67
   89.43,   350.46,   345.88
   90.55,   473.06,    95.76
   87.69,   474.56,   220.19
   86.22,   475.87,   344.88
  223.70,   227.98,   101.71
  220.23,   228.71,   226.46
  216.98,   228.86,   350.58
  219.06,   352.51,   100.32
  215.75,   353.13,   224.64
  213.87,   353.55,   349.31
  215.29,   476.66,    98.81
  212.25,   477.71,   223.39
  210.77,   479.17,   348.49
  349.39,   230.40,   105.12
  345.94,   232.27,   230.28
  342.15,   232.98,   355.01
  344.99,   355.46,   104.09
  341.40,   356.34,   228.83
  338.48,   356.79,   352.83
  340.79,   480.16,   102.63
  337.38,   480.54,   227.09
  334.74,   481.82,   351.11
   99.09,   224.40,   225.66
  100.90,   220.41,   349.33
  102.87,   216.72,   474.40
   95.37,   349.02,   228.74
   98.92,   345.18,   352.99
  101.94,   341.63,   478.20
   92.39,   474.10,   232.17
   96.42,   470.63,   357.00
   99.40,   466.52,   482.21
  223.67,   227.75,   223.34
  225.93,   223.21,   347.51
  228.60,   219.50,   472.45
  219.78,   352.08,   226.39
  223.40,   347.73,   351.03
  226.62,   344.23,   476.13
  216.93,   476.63,   230.02
  220.94,   473.26,   355.04
  223.84,   469.76,   480.23
  349.46,   230.71,   221.71
  351.19,   226.81,   346.52
  353.48,   222.93,   471.34
  345.48,   354.76,   225.18
  348.05,   350.49,   349.19
  350.49,   347.02,   473.51
  342.05,   478.89,   228.30
  344.86,   475.38,   352.19
  347.27,   472.48,   476.52
   99.64,   226.37,   348.76
   99.70,   226.37,   473.92
  100.50,   226.68,   600.60
  101.35,   351.23,   348.73
  102.52,   351.35,   473.99
  102.31,   351.23,   600.19
  102.50,   476.84,   349.07
  103.56,   476.35,   474.35
  103.13,   475.55,   599.68
  224.69,   225.32,   348.82
  225.43,   225.26,   473.83
  226.55,   226.01,   600.14
  225.89,   349.96,   348.66
  227.17,   350.13,   473.82
  227.41,   351.18,   599.66
  227.11,   475.52,   348.92
  228.10,   475.75,   474.17
  227.38,   475.95,   599.30
  349.99,   225.13,   349.75
  350.32,   224.87,   474.60
  351.15,   225.00,   599.56
  350.61,   348.90,   348.71
  351.07,   349.08,   473.07
  351.58,   350.37,   598.41
  351.13,   473.82,   347.97
  351.54,   474.60,   472.33
  351.76,   476.10,   597.70
   98.29,   223.35,   474.57
  100.12,   221.93,   601.23
  102.21,   220.93,   727.91
   97.09,   348.31,   476.35
   97.83,   346.42,   602.59
   98.89,   345.28,   728.80
   94.19,   473.23,   478.34
   94.65,   470.65,   603.77
   94.60,   469.00,   728.98
  224.05,   226.32,   473.50
  226.17,   225.34,   599.80
  228.64,   224.99,   726.91
  221.75,   351.16,   475.28
  222.96,   350.47,   601.14
  223.48,   350.06,   727.24
  218.62,   476.72,   477.47
  218.86,   475.10,   602.55
  218.13,   473.42,   727.18
  348.89,   229.98,   473.26
  350.71,   228.43,   598.24
  352.95,   227.29,   723.26
  345.62,   354.19,   473.54
  347.09,   353.78,   598.89
  348.35,   353.62,   724.84
  342.08,   479.73,   474.72
  343.19,   479.43,   600.04
  343.44,   478.70,   725.95
  101.07,   226.51,   600.97
  103.51,   228.04,   727.68
  105.36,   228.46,   854.14
   99.90,   351.03,   599.81
  101.21,   352.34,   725.98
  102.84,   354.40,   851.56
   97.82,   475.33,   598.53
   97.99,   476.04,   723.62
   98.67,   478.45,   847.69
  227.09,   228.78,   599.12
  229.85,   230.97,   726.21
  231.64,   231.62,   852.39
  224.99,   353.91,   597.92
  225.77,   355.97,   723.94
  226.49,   356.19,   849.04
  222.05,   478.62,   596.88
  221.67,   479.40,   721.49
  222.41,   480.10,   845.62
  351.63,   230.70,   597.15
  354.20,   232.11,   722.18
  355.75,   232.64,   847.07
  349.12,   356.06,   595.26
  350.70,   358.43,   721.22
  351.87,   358.97,   846.10
  346.37,   481.73,   593.90
  347.05,   483.55,   719.83
  348.27,   483.78,   844.89
   97.02,   351.51,    98.71
   97.22,   349.52,   223.46
   97.90,   347.09,   347.78
   98.50,   476.45,   100.93
   98.36,   474.63,   225.40
   99.50,   472.63,   350.33
  100.47,   601.48,   102.58
  100.01,   599.91,   228.17
  100.35,   598.14,   353.16
  222.42,   351.03,    99.56
  221.75,   348.35,   223.94
  222.44,   345.40,   348.59
  223.34,   475.21,   101.45
  222.99,   472.89,   226.07
  224.10,   470.94,   351.10
  225.27,   600.10,   103.35
  224.85,   598.18,   228.78
  225.34,   596.49,   354.13
  348.51,   349.13,   100.65
  347.57,   346.82,   225.51
  347.18,   343.95,   349.58
  349.04,   473.92,   102.69
  348.25,   470.96,   227.19
  348.12,   468.82,   351.06
  350.37,   598.47,   104.20
  349.90,   595.98,   228.69
  349.09,   594.68,   353.58
   97.93,   351.09,   223.31
   95.66,   351.46,   347.62
   92.92,   352.18,   472.74
  101.57,   476.16,   222.58
   99.70,   476.97,   347.50
   96.91,   477.07,   472.63
  105.73,   601.38,   222.71
  103.08,   602.45,   347.69
   99.63,   601.85,   472.57
  222.40,   347.40,   226.84
  220.10,   347.25,   351.46
  217.47,   347.99,   476.62
  226.13,   471.90,   226.31
  224.25,   472.77,   351.31
  221.33,   473.53,   476.56
  230.48,   597.12,   226.29
  227.97,   598.26,   351.63
  224.47,   598.56,   476.81
  348.14,   343.38,   231.44
  344.71,   343.29,   355.46
  341.33,   344.05,   479.86
  351.33,   467.49,   230.46
  348.17,   468.15,   354.27
  344.74,   469.50,   478.68
  355.45,   592.44,   229.26
  351.63,   593.96,   354.10
  347.88,   595.32,   479.11
   98.86,   349.22,   349.65
  102.64,   345.87,   474.83
  105.15,   342.37,   601.02
  101.59,   474.73,   353.39
  105.28,   470.78,   478.63
  107.50,   466.60,   603.94
  103.56,   600.17,   357.40
  106.74,   595.48,   482.36
  109.34,   591.21,   606.85
  223.30,   346.49,   346.82
  227.25,   343.16,   471.89
  230.26,   340.77,   597.68
  226.10,   471.97,   350.49
  229.76,   468.72,   475.62
  231.77,   465.59,   600.68
  228.47,   597.48,   354.66
  231.52,   593.80,   479.74
  233.48,   589.81,   604.10
  348.00,   344.01,   344.21
  351.14,   340.68,   468.51
  354.36,   338.40,   593.73
  350.06,   468.81,   346.82
  353.15,   466.07,   471.05
  356.10,   464.14,   596.32
  352.17,   594.61,   350.44
  354.95,   591.97,   475.29
  358.07,   589.23,   600.20
  100.35,   349.49,   473.43
   96.54,   349.03,   599.58
   92.97,   349.17,   725.69
  104.32,   474.42,   474.22
  100.34,   473.32,   599.48
   95.68,   473.00,   724.57
  107.15,   599.17,   474.98
  103.56,   598.05,   599.45
   98.44,   597.23,   723.71
  224.92,   345.32,   476.86
  221.61,   346.09,   602.74
  217.60,   347.10,   728.89
  228.77,   470.87,   477.58
  224.48,   470.79,   602.71
  219.21,   470.52,   727.37
  231.90,   595.95,   478.67
  227.65,   595.02,   603.09
  223.18,   594.27,   727.08
  348.76,   341.39,   479.76
  345.74,   342.38,   605.12
  342.49,   343.61,   731.01
  352.14,   466.82,   479.31
  348.79,   468.05,   604.74
  344.49,   468.79,   730.72
  355.30,   592.68,   480.54
  352.15,   592.99,   605.56
  348.46,   592.37,   730.62
   99.88,   349.99,   601.71
  100.82,   347.90,   727.89
  102.09,   346.44,   853.57
   97.61,   474.23,   603.87
   97.43,   471.59,   728.98
   97.91,   470.78,   853.09
   94.81,   599.05,   606.03
   94.11,   595.77,   730.42
   93.92,   593.02,   854.32
  224.98,   353.07,   600.29
  225.42,   351.70,   726.36
  225.86,   348.44,   851.54
  221.83,   477.73,   602.67
  221.05,   475.10,   727.28
  221.48,   472.33,   851.44
  219.04,   601.87,   605.36
  219.11,   598.82,   729.32
  220.84,   597.25,   853.27
  349.12,   355.42,   598.11
  350.34,   354.29,   724.06
  351.17,   351.31,   848.87
  346.20,   481.10,   600.21
  346.45,   479.42,   726.14
  347.32,   476.16,   851.09
  343.57,   605.89,   603.53
  344.48,   602.85,   728.39
  346.91,   599.99,   852.95
  100.41,   473.82,    98.55
  101.65,   477.29,   222.98
  104.17,   480.63,   347.97
  102.59,   598.86,    94.88
  103.36,   602.49,   220.49
  105.12,   606.10,   345.55
  104.88,   724.03,    90.96
  105.10,   727.76,   217.94
  105.70,   730.75,   343.29
  225.31,   472.51,    97.74
  226.26,   475.41,   222.32
  228.78,   478.77,   347.34
  227.36,   597.31,    94.33
  228.20,   600.66,   219.69
  230.07,   604.29,   345.05
  229.91,   723.17,    91.11
  230.38,   726.62,   217.04
  230.91,   729.51,   342.53
  351.05,   471.14,    97.58
  351.56,   473.40,   222.11
  352.79,   476.55,   345.91
  352.40,   595.79,    93.92
  353.33,   598.34,   218.25
  353.90,   602.38,   343.13
  354.49,   720.70,    90.24
  355.77,   724.18,   214.47
  355.41,   728.66,   340.68
  100.02,   474.41,   225.65
  103.69,   474.78,   350.64
  106.36,   474.42,   475.95
   97.62,   599.64,   226.09
  100.52,   600.28,   351.12
  102.64,   599.21,   476.13
   95.15,   724.75,   226.51
   96.91,   725.01,   351.82
   98.87,   724.20,   476.34
  224.59,   476.68,   223.81
  228.24,   477.10,   348.85
  230.85,   477.46,   474.06
  222.43,   602.00,   224.19
  225.45,   602.66,   349.56
  227.48,   602.53,   474.75
  220.39,   727.96,   224.63
  222.13,   727.80,   350.04
  223.74,   727.18,   474.98
  349.81,   478.77,   222.38
  352.19,   479.04,   346.24
  354.20,   479.95,   470.56
  347.50,   603.82,   221.53
  349.22,   604.92,   346.50
  350.91,   605.84,   471.56
  345.77,   729.78,   220.92
  346.54,   731.21,   347.12
  347.61,   731.56,   472.96
  100.93,   475.23,   349.62
  100.80,   477.86,   474.84
   99.17,   480.12,   600.11
  104.03,   600.69,   347.17
  103.31,   602.62,   472.13
  102.15,   604.89,   596.63
  106.79,   725.32,   344.92
  105.90,   727.45,   469.43
  105.27,   730.44,   593.75
  225.49,   471.28,   350.74
  225.30,   474.62,   475.99
  223.36,   477.87,   601.08
  228.95,   596.75,   348.42
  228.19,   599.65,   473.62
  226.35,   602.08,   598.04
  231.95,   721.93,   345.91
  230.69,   724.35,   470.90
  230.03,   726.73,   594.97
  349.47,   466.93,   351.08
  348.72,   470.83,   475.42
  347.72,   475.44,   600.78
  352.69,   592.68,   348.23
  351.62,   596.64,   473.24
  350.84,   600.31,   598.23
  356.30,   718.90,   345.81
  354.60,   722.36,   471.71
  354.33,   724.64,   596.11
  103.52,   476.48,   475.02
  100.15,   472.48,   600.27
   96.12,   469.29,   725.37
  101.98,   601.23,   478.50
   99.02,   597.25,   602.96
   94.47,   593.51,   727.26
  100.45,   726.18,   481.99
   98.04,   722.96,   606.26
   95.04,   719.06,   731.33
  228.03,   477.24,   477.83
  224.34,   474.21,   602.90
  219.69,   471.05,   727.53
  226.83,   602.25,   481.75
  223.19,   598.38,   606.07
  219.33,   594.76,   730.01
  225.30,   726.87,   485.22
  222.98,   723.07,   609.17
  221.33,   720.27,   733.39
  351.44,   477.52,   478.95
  348.70,   475.79,   604.33
  345.02,   473.58,   730.27
  350.32,   603.37,   483.17
  347.75,   600.64,   608.06
  344.68,   597.06,   732.97
  349.21,   728.98,   487.87
  347.34,   724.77,   611.99
  346.00,   720.27,   735.32
  102.99,   475.36,   601.51
   98.96,   477.22,   726.48
   95.64,   480.97,   850.51
  100.90,   600.15,   599.07
   96.53,   601.54,   723.36
   92.36,   603.03,   847.42
   98.87,   725.87,   597.25
   96.26,   727.34,   722.35
   93.12,   727.06,   847.78
  227.15,   478.24,   603.92
  222.58,   480.11,   728.51
  219.30,   481.92,   852.55
  225.08,   602.42,   602.01
  221.47,   603.91,   725.97
  219.49,   606.85,   849.97
  223.77,   727.13,   600.03
  222.41,   729.48,   724.20
  220.44,   731.66,   849.88
  351.53,   480.98,   605.19
  347.98,   483.81,   731.15
  345.17,   485.06,   855.96
  349.61,   605.78,   603.83
  346.81,   607.23,   728.70
  345.60,   608.91,   853.21
  348.07,   730.03,   602.72
  346.99,   730.55,   725.98
  345.96,   732.24,   850.60
   99.46,   598.30,    99.58
   99.70,   600.88,   225.17
  100.79,   603.35,   350.20
  100.26,   723.51,    96.69
   99.86,   726.07,   223.73
   99.81,   728.07,   349.04
   99.84,   849.31,    94.15
   99.80,   851.46,   221.08
   99.14,   852.51,   346.98
  224.26,   598.31,    99.59
  224.55,   600.61,   225.03
  225.79,   603.12,   350.41
  225.39,   724.37,    97.46
  225.14,   726.57,   223.54
  225.07,   728.30,   349.00
  225.40,   850.11,    95.15
  225.02,   851.87,   221.03
  223.89,   852.76,   346.16
  349.34,   598.20,    99.74
  349.65,   599.83,   224.18
  349.59,   602.77,   349.13
  350.08,   723.23,    97.06
  350.53,   725.76,   221.62
  349.51,   729.07,   347.86
  350.27,   848.04,    94.62
  350.89,   851.15,   219.73
  349.32,   854.62,   345.13
  101.89,   599.05,   225.72
  100.44,   596.17,   350.64
   98.23,   591.66,   475.52
   99.89,   724.21,   229.62
   97.31,   720.87,   354.75
   94.88,   716.61,   479.17
   97.63,   849.38,   232.40
   94.49,   845.31,   358.14
   92.27,   842.11,   482.87
  226.72,   600.84,   228.23
  225.39,   598.01,   353.53
  223.08,   594.36,   478.66
  225.13,   726.73,   232.08
  222.52,   723.10,   357.45
  219.83,   718.91,   482.31
  222.70,   851.84,   234.89
  219.15,   847.52,   359.95
  216.58,   843.75,   484.96
  351.77,   602.17,   229.98
  349.09,   599.76,   354.90
  346.52,   597.14,   479.87
  350.44,   728.16,   232.83
  346.78,   726.02,   359.06
  343.66,   722.71,   484.72
  348.51,   853.54,   236.27
  344.33,   851.60,   361.60
  340.68,   848.20,   486.99
  102.23,   601.84,   348.97
  102.03,   603.71,   473.93
  101.40,   605.95,   598.44
  101.52,   726.54,   346.72
  101.15,   728.67,   471.23
  101.07,   731.64,   595.57
  101.07,   850.93,   343.56
  100.97,   853.99,   468.39
  101.74,   857.43,   593.44
  227.21,   601.35,   349.67
  226.94,   604.15,   474.86
  225.66,   606.51,   599.25
  226.76,   726.53,   347.17
  226.04,   728.85,   472.11
  225.96,   731.23,   596.19
  225.87,   851.01,   343.26
  225.12,   853.70,   468.18
  225.85,   856.57,   593.26
  351.01,   600.75,   348.88
  350.43,   604.62,   473.95
  350.20,   608.16,   598.90
  351.20,   727.02,   346.51
  349.99,   730.36,   472.38
  350.27,   732.49,   596.75
  351.31,   852.58,   342.73
  349.53,   855.97,   467.97
  349.33,   857.26,   593.20
   99.00,   600.86,   475.64
   97.20,   600.31,   600.19
   93.83,   600.01,   724.57
   96.59,   725.89,   475.72
   95.32,   726.10,   600.07
   93.66,   725.75,   725.24
   94.97,   851.38,   475.74
   94.47,   852.01,   600.78
   94.55,   852.00,   725.97
  223.90,   602.74,   477.81
  221.42,   602.29,   602.20
  218.79,   602.13,   726.18
  221.53,   727.40,   477.81
  220.31,   727.03,   601.87
  219.92,   727.75,   726.11
  219.16,   852.27,   476.76
  218.91,   852.45,   601.80
  219.75,   853.93,   726.43
  347.38,   604.73,   478.09
  345.95,   605.43,   603.04
  344.12,   605.25,   727.93
  345.43,   730.41,   479.28
  344.61,   729.68,   603.57
  344.52,   728.60,   726.89
  343.40,   855.96,   477.68
  342.30,   854.42,   602.90
  342.97,   853.27,   726.62
  100.02,   597.30,   599.11
   96.51,   596.51,   723.45
   93.21,   595.97,   847.47
  103.08,   722.90,   599.55
  101.29,   722.23,   724.64
   98.92,   720.00,   849.93
  107.09,   848.63,   600.80
  107.16,   848.60,   726.01
  104.61,   846.96,   851.89
  224.18,   594.52,   601.21
  221.29,   593.82,   725.21
  220.02,   594.52,   849.18
  227.86,   719.18,   601.49
  227.21,   719.24,   725.62
  226.23,   719.40,   851.11
  231.26,   844.54,   601.89
  232.01,   845.26,   726.38
  229.26,   843.95,   853.07
  348.68,   592.80,   602.08
  346.58,   592.26,   727.14
  345.96,   591.71,   851.75
  352.19,   717.08,   603.27
  351.78,   715.46,   726.70
  351.75,   715.02,   851.25
  354.88,   841.72,   603.34
  355.37,   839.72,   726.71
  353.86,   839.07,   851.33
  224.74,    98.75,   102.38
  223.23,   100.98,   227.30
  221.23,   103.65,   351.91
  222.40,   224.79,   100.24
  220.96,   226.38,   225.04
  219.70,   227.37,   349.20
  219.95,   349.37,    98.12
  218.61,   350.84,   222.48
  218.71,   352.06,   347.15
  349.57,    99.71,   103.20
  348.37,   102.43,   228.42
  346.55,   105.18,   353.89
  348.15,   224.99,   101.61
  346.77,   227.77,   226.83
  344.97,   229.36,   351.64
  346.00,   350.10,    99.83
  344.39,   351.90,   224.68
  343.42,   353.17,   348.71
  474.18,   101.60,   104.03
  473.08,   104.40,   229.13
  471.82,   106.41,   355.15
  473.31,   225.82,   102.74
  472.26,   228.96,   228.06
  470.33,   231.11,   353.17
  471.92,   350.51,   101.29
  470.48,   352.82,   226.28
  468.14,   354.90,   349.62
  224.95,   101.16,   223.72
  227.02,   100.61,   348.37
  229.77,    99.44,   473.22
  227.39,   226.57,   224.68
  230.17,   224.35,   348.91
  233.40,   222.93,   473.89
  229.77,   350.93,   225.37
  233.87,   348.87,   350.00
  237.60,   347.69,   475.07
  350.00,    97.81,   220.70
  352.29,    97.33,   346.16
  355.12,    96.08,   471.51
  353.20,   223.25,   222.39
  355.42,   221.72,   347.30
  358.23,   220.12,   472.16
  355.57,   347.36,   223.51
  358.51,   345.40,   347.52
  361.39,   344.21,   471.81
  474.55,    95.13,   217.23
  477.38,    93.77,   343.09
  480.33,    92.39,   468.96
  478.55,   219.78,   219.42
  480.80,   218.76,   344.67
  483.24,   217.22,   469.83
  481.63,   343.58,   220.99
  483.31,   342.54,   344.43
  485.33,   341.62,   468.45
  223.19,   100.91,   350.39
  219.75,   100.92,   475.17
  216.67,    99.80,   600.36
  221.57,   224.64,   349.67
  218.67,   224.47,   474.62
  216.17,   225.11,   600.98
  220.54,   349.30,   349.60
  218.21,   349.36,   474.76
  214.82,   350.24,   600.64
  348.46,   102.44,   354.44
  345.14,   102.33,   479.69
  342.05,   101.65,   604.28
  346.81,   226.68,   354.22
  343.54,   226.30,   479.00
  340.81,   226.38,   603.98
  345.21,   350.46,   353.26
  342.11,   350.58,   477.65
  338.99,   351.80,   603.02
  473.67,   103.68,   357.79
  470.42,   103.51,   483.60
  467.18,   103.56,   608.15
  472.13,   228.47,   357.86
  468.43,   228.12,   482.85
  465.22,   227.89,   607.53
  469.83,   352.28,   356.24
  465.87,   352.58,   480.33
  463.01,   353.40,   606.00
  224.24,   101.07,   476.40
  226.96,   100.12,   601.63
  230.23,    99.07,   727.39
  222.21,   224.61,   475.78
  225.48,   225.41,   602.11
  229.08,   226.85,   729.21
  220.79,   349.47,   475.81
  223.13,   350.55,   601.66
  224.73,   351.91,   727.71
  349.62,   103.42,   475.17
  352.31,   102.96,   599.82
  354.89,   102.32,   724.33
  347.06,   227.38,   474.38
  350.02,   227.59,   599.35
  353.38,   228.23,   724.35
  344.67,   351.61,   472.92
  347.27,   352.96,   598.23
  349.64,   354.57,   724.16
  474.91,   105.55,   473.27
  477.44,   105.74,   597.99
  479.56,   106.35,   721.60
  471.97,   230.17,   472.41
  474.45,   230.10,   597.21
  477.25,   230.48,   721.50
  468.45,   354.55,   469.82
  471.23,   355.52,   595.41
  474.74,   356.35,   721.91
  223.54,   101.52,   601.78
  222.16,   103.25,   727.68
  220.52,   106.74,   853.55
  222.24,   226.77,   599.50
  221.03,   230.91,   726.67
  218.81,   233.52,   852.95
  220.12,   351.84,   596.33
  216.92,   355.77,   722.36
  213.61,   357.92,   847.47
  348.91,   104.18,   604.64
  346.86,   106.12,   729.22
  344.93,   108.50,   854.44
  346.83,   228.84,   601.48
  345.45,   232.22,   726.60
  342.98,   234.66,   851.62
  344.26,   354.17,   597.66
  341.78,   358.46,   723.57
  338.83,   360.83,   848.39
  474.02,   106.87,   607.48
  471.33,   109.93,   730.98
  468.10,   111.40,   855.35
  471.26,   231.19,   604.02
  469.37,   234.21,   728.23
  466.42,   236.25,   852.02
  468.25,   356.62,   599.58
  466.98,   360.17,   725.99
  465.02,   362.64,   850.67
  226.94,   226.54,   100.99
  225.58,   226.50,   225.81
  224.37,   225.86,   350.01
  227.39,   351.14,   100.55
  226.16,   350.93,   224.96
  226.30,   350.50,   349.62
  228.65,   475.34,    99.97
  227.68,   475.48,   224.61
  228.22,   476.05,   349.64
  352.70,   223.79,   102.30
  351.41,   224.96,   227.55
  349.65,   224.96,   352.42
  353.50,   348.92,   102.25
  351.99,   349.09,   227.11
  351.00,   348.73,   351.14
  354.36,   473.75,   101.79
  352.97,   473.26,   226.30
  352.21,   473.65,   350.14
  477.82,   221.78,   103.35
  476.84,   223.27,   228.67
  475.04,   223.80,   353.89
  479.39,   346.40,   103.63
  478.06,   347.11,   228.60
  475.74,   347.61,   352.01
  480.44,   471.60,   103.35
  478.79,   471.40,   227.71
  476.43,   472.33,   350.39
  226.82,   226.65,   223.90
  226.88,   221.98,   348.08
  227.35,   218.12,   473.03
  226.15,   351.00,   227.07
  227.55,   346.50,   351.69
  228.57,   342.87,   476.80
  226.48,   475.53,   230.77
  228.27,   472.01,   355.76
  228.99,   468.43,   480.93
  352.68,   226.35,   224.35
  352.19,   222.34,   349.21
  352.30,   218.31,   474.06
  351.97,   350.42,   227.94
  352.26,   346.02,   351.95
  352.51,   342.42,   476.31
  351.72,   474.55,   231.14
  352.23,   470.89,   354.95
  352.45,   467.87,   479.29
  478.13,   225.88,   224.18
  477.62,   222.40,   349.35
  477.36,   218.41,   474.48
  478.06,   349.69,   228.16
  477.04,   346.17,   351.55
  476.44,   342.79,   475.66
  477.49,   473.96,   231.24
  476.42,   470.85,   353.90
  475.91,   468.15,   477.93
  226.32,   224.19,   351.05
  228.54,   225.22,   476.07
  231.16,   227.06,   602.34
  227.31,   348.81,   349.79
  230.04,   350.07,   474.93
  231.74,   352.23,   600.73
  228.29,   474.36,   348.95
  230.75,   475.69,   474.17
  231.50,   477.02,   599.27
  351.61,   224.22,   350.51
  353.41,   225.03,   475.35
  355.71,   226.23,   600.26
  352.01,   347.97,   348.38
  353.91,   349.23,   472.70
  355.89,   351.61,   597.99
  352.30,   472.87,   346.54
  354.15,   474.73,   470.84
  355.88,   477.34,   596.18
  477.02,   223.94,   349.00
  478.40,   224.82,   474.06
  480.20,   225.76,   598.85
  476.81,   347.75,   346.35
  477.81,   349.27,   470.33
  479.92,   351.19,   595.95
  476.58,   472.43,   343.91
  477.63,   474.66,   467.80
  480.18,   476.96,   593.73
  223.41,   224.25,   473.37
  220.77,   224.80,   599.66
  218.48,   226.05,   726.88
  226.08,   349.11,   473.62
  222.58,   349.95,   599.45
  218.33,   351.05,   725.55
  227.92,   474.72,   474.21
  223.47,   474.70,   599.32
  218.00,   474.49,   723.95
  348.27,   222.95,   477.92
  345.38,   222.90,   602.85
  342.91,   223.32,   727.97
  349.94,   347.17,   476.66
  346.72,   348.29,   602.00
  343.23,   349.65,   727.91
  351.31,   472.68,   476.13
  347.77,   473.99,   601.52
  343.28,   474.80,   727.47
  473.21,   221.61,   481.95
  469.84,   221.26,   606.61
  466.77,   221.36,   730.61
  473.78,   346.07,   479.56
  470.75,   346.72,   605.22
  468.35,   347.29,   731.51
  474.72,   471.50,   478.32
  472.16,   472.54,   604.35
  470.23,   473.21,   731.22
  226.55,   226.73,   601.11
  228.05,   229.64,   728.24
  228.51,   230.97,   854.44
  225.16,   351.87,   599.16
  224.66,   354.64,   725.20
  224.09,   355.53,   850.31
  222.92,   476.58,   597.35
  221.25,   478.07,   721.99
  220.69,   479.45,   846.11
  351.14,   227.96,   600.42
  352.43,   230.07,   725.46
  352.64,   231.28,   850.39
  349.32,   353.33,   597.81
  349.62,   356.40,   723.76
  349.46,   357.60,   848.60
  347.26,   478.99,   595.67
  346.64,   481.52,   721.62
  346.56,   482.44,   846.65
  475.61,   229.51,   600.34
  476.35,   231.33,   724.61
  476.04,   232.16,   848.39
  473.33,   354.95,   597.09
  474.80,   357.21,   723.58
  475.67,   358.47,   848.34
  471.59,   480.72,   594.54
  473.57,   483.07,   721.42
  474.88,   484.49,   847.04
  223.33,   352.75,   100.42
  219.74,   349.93,   224.74
  217.53,   346.87,   349.34
  221.94,   476.92,   102.40
  218.69,   474.50,   226.98
  216.91,   472.46,   352.00
  221.58,   601.84,   104.41
  218.25,   599.84,   229.84
  215.85,   597.99,   355.15
  349.33,   353.13,   104.52
  345.48,   350.61,   229.25
  342.21,   347.63,   353.26
  347.52,   477.84,   106.61
  343.89,   474.80,   231.01
  340.90,   472.59,   354.92
  346.63,   602.41,   108.17
  343.24,   599.91,   232.70
  339.57,   598.47,   357.65
  475.26,   353.18,   108.36
  471.48,   351.20,   233.14
  466.86,   349.01,   356.51
  473.60,   478.28,   110.63
  469.56,   475.48,   234.72
  464.94,   473.76,   357.45
  472.19,   603.09,   111.74
  468.46,   600.53,   235.37
  463.76,   599.53,   359.99
  222.24,   351.82,   222.87
  220.09,   348.17,   347.46
  217.61,   345.36,   472.56
  222.85,   476.36,   225.75
  221.11,   473.73,   350.73
  218.34,   470.94,   475.95
  224.08,   601.67,   229.21
  221.70,   599.25,   354.51
  218.34,   595.96,   479.63
  348.02,   350.84,   227.30
  344.79,   347.27,   351.29
  341.55,   344.51,   475.66
  348.08,   475.00,   229.69
  345.10,   472.19,   353.54
  341.83,   470.01,   477.94
  349.09,   600.07,   231.94
  345.41,   598.07,   356.86
  341.82,   595.84,   481.82
  474.05,   349.75,   231.08
  469.48,   347.01,   354.46
  465.38,   344.42,   478.57
  473.78,   474.02,   233.32
  469.18,   471.72,   356.00
  465.18,   469.83,   480.06
  474.31,   599.06,   234.55
  469.66,   597.47,   359.12
  465.90,   595.77,   484.20
  227.08,   347.61,   350.07
  224.56,   344.09,   475.13
  221.08,   341.44,   600.96
  225.82,   473.13,   353.98
  223.00,   469.64,   479.16
  218.52,   466.12,   604.23
  224.12,   598.65,   358.43
  220.72,   594.63,   483.51
  216.20,   590.23,   607.81
  351.74,   348.99,   353.91
  348.45,   345.52,   478.25
  345.23,   343.11,   603.58
  349.74,   473.90,   356.80
  346.44,   471.01,   481.18
  342.82,   468.79,   606.54
  347.77,   599.78,   360.84
  344.18,   596.82,   485.78
  340.70,   593.59,   610.64
  476.37,   351.02,   357.05
  472.26,   347.76,   481.18
  469.26,   344.91,   606.85
  473.79,   475.76,   359.30
  469.81,   473.16,   483.41
  467.26,   470.71,   609.43
  472.03,   601.50,   363.20
  468.31,   599.05,   488.31
  465.89,   596.05,   613.55
  227.57,   351.02,   473.77
  223.71,   349.45,   599.56
  219.15,   348.15,   725.67
  230.77,   476.58,   476.81
  225.95,   474.17,   601.88
  220.15,   471.59,   726.51
  233.26,   601.62,   480.23
  228.49,   598.36,   604.57
  223.50,   595.32,   728.52
  351.38,   347.62,   477.09
  347.81,   346.31,   602.42
  344.04,   345.23,   728.30
  354.11,   473.10,   479.00
  350.25,   472.00,   604.39
  345.43,   470.41,   730.34
  356.68,   598.96,   482.63
  353.01,   596.90,   607.57
  348.79,   593.95,   732.55
  475.19,   345.07,   480.31
  471.83,   343.27,   605.98
  469.06,   341.38,   732.18
  477.51,   470.48,   481.52
  474.63,   469.05,   607.57
  472.37,   467.27,   734.44
  480.88,   596.34,   485.43
  478.13,   594.39,   610.73
  475.98,   591.72,   736.27
  226.78,   351.11,   602.38
  225.50,   351.16,   728.49
  224.18,   349.23,   853.66
  223.26,   475.79,   603.28
  220.76,   474.55,   727.93
  219.46,   473.18,   852.09
  220.10,   599.94,   604.52
  218.44,   598.28,   728.51
  218.43,   598.10,   852.48
  350.92,   353.82,   601.91
  350.42,   354.10,   727.89
  349.46,   352.45,   852.66
  347.62,   479.50,   602.53
  346.13,   479.21,   728.50
  345.29,   477.33,   853.42
  344.63,   604.30,   604.37
  343.80,   602.65,   729.28
  344.55,   601.21,   853.85
  474.95,   356.66,   602.11
  475.59,   356.13,   728.62
  475.54,   354.56,   853.20
  472.05,   482.44,   602.35
  473.18,   482.00,   729.24
  473.47,   480.60,   854.69
  469.78,   607.78,   604.30
  470.84,   606.30,   729.66
  471.83,   604.79,   854.66
  225.23,   475.82,   100.24
  226.46,   476.28,   224.89
  229.16,   477.16,   349.93
  224.38,   600.71,    99.33
  225.51,   601.61,   224.78
  227.58,   602.74,   350.16
  224.13,   726.82,    98.59
  224.71,   727.59,   224.70
  225.48,   727.92,   350.15
  350.95,   477.35,    99.86
  351.73,   477.16,   224.39
  353.14,   477.88,   348.25
  349.45,   601.99,    98.61
  350.61,   602.22,   223.05
  351.36,   603.78,   348.02
  348.82,   727.03,    97.31
  350.10,   728.18,   221.91
  349.91,   730.09,   348.16
  476.99,   478.38,    99.19
  477.55,   478.39,   223.63
  477.38,   479.65,   346.32
  474.93,   603.35,    97.74
  475.99,   603.41,   221.21
  475.82,   605.36,   345.85
  473.79,   727.99,    96.07
  475.25,   729.42,   218.69
  475.20,   731.80,   346.07
  223.31,   473.05,   225.60
  225.60,   476.83,   350.62
  226.81,   480.53,   475.85
  223.00,   598.30,   222.59
  224.68,   602.35,   347.94
  225.33,   605.55,   473.13
  222.91,   724.25,   219.59
  223.27,   727.49,   345.03
  223.48,   730.23,   469.95
  348.58,   473.23,   225.54
  349.59,   476.84,   349.37
  350.25,   481.13,   473.71
  348.11,   598.21,   221.34
  348.50,   602.67,   346.24
  348.81,   606.95,   471.31
  348.31,   724.08,   217.26
  347.75,   728.91,   343.42
  347.41,   732.68,   469.29
  474.41,   473.76,   225.22
  473.82,   477.89,   347.86
  473.71,   482.53,   471.82
  473.52,   598.69,   219.98
  472.94,   603.53,   344.48
  473.09,   608.38,   469.77
  473.47,   724.58,   214.50
  473.00,   729.89,   341.70
  473.00,   734.43,   468.76
  224.62,   474.91,   351.10
  225.23,   478.64,   476.34
  224.10,   482.27,   601.40
  221.66,   600.40,   348.39
  221.72,   603.61,   473.58
  220.72,   606.40,   597.95
  218.19,   725.48,   345.45
  217.83,   728.21,   470.35
  218.01,   731.08,   594.42
  348.58,   477.00,   350.40
  348.64,   481.33,   474.77
  348.46,   486.31,   600.09
  345.44,   602.81,   347.27
  345.17,   607.10,   472.35
  345.19,   611.03,   597.26
  342.61,   728.99,   344.43
  341.68,   732.73,   470.24
  342.22,   735.30,   594.61
  472.74,   480.13,   349.41
  472.06,   484.82,   473.42
  472.88,   489.58,   599.33
  469.82,   605.76,   346.05
  469.38,   610.63,   471.37
  470.28,   614.84,   596.64
  467.79,   732.11,   343.28
  467.16,   736.65,   470.29
  467.55,   739.42,   594.84
  227.40,   474.13,   476.90
  228.95,   473.21,   601.98
  229.53,   472.21,   726.68
  226.87,   599.21,   478.79
  228.45,   597.45,   603.16
  229.86,   595.92,   727.18
  225.97,   723.90,   480.26
  228.81,   722.12,   604.28
  232.45,   721.29,   728.40
  350.83,   473.78,   472.78
  353.33,   474.13,   598.10
  355.07,   474.10,   724.13
  350.34,   599.69,   474.90
  353.03,   599.12,   599.82
  355.35,   597.72,   724.83
  349.88,   725.43,   477.59
  353.14,   723.42,   601.89
  357.05,   720.87,   725.21
  474.26,   474.26,   468.90
  477.62,   474.33,   594.81
  481.96,   473.97,   721.75
  474.53,   600.19,   471.31
  478.07,   599.78,   596.62
  482.39,   598.55,   722.09
  475.42,   726.26,   475.02
  478.51,   724.49,   599.49
  481.98,   721.54,   722.37
  225.52,   475.75,   599.72
  224.39,   477.81,   724.35
  224.45,   479.75,   848.47
  228.65,   599.98,   597.70
  228.43,   601.60,   721.71
  229.91,   604.58,   845.80
  232.48,   724.63,   595.66
  234.55,   726.94,   719.69
  236.25,   729.27,   845.27
  349.86,   473.05,   597.58
  349.82,   476.18,   723.57
  350.30,   477.63,   848.58
  353.14,   598.00,   596.05
  353.79,   599.77,   721.07
  355.77,   601.36,   845.71
  356.79,   722.36,   594.99
  359.03,   722.94,   718.31
  361.53,   724.52,   842.59
  474.14,   469.62,   596.04
  476.69,   472.51,   722.97
  478.56,   474.51,   848.53
  478.11,   595.01,   594.55
  480.74,   597.00,   720.09
  483.20,   598.80,   845.23
  482.19,   719.75,   594.28
  483.95,   720.02,   717.26
  486.08,   721.47,   840.68
  224.88,   599.51,   101.36
  227.08,   601.47,   226.79
  230.15,   603.66,   352.14
  229.79,   725.54,    99.48
  231.44,   727.35,   225.51
  233.18,   728.84,   350.96
  233.63,   851.14,    97.40
  235.12,   852.54,   223.25
  235.82,   853.34,   348.34
  349.90,   595.60,    99.70
  352.08,   596.87,   224.11
  353.87,   599.49,   348.98
  354.39,   720.52,    97.26
  356.73,   722.73,   221.71
  357.57,   725.77,   347.95
  358.39,   845.23,    95.07
  360.91,   848.12,   220.05
  361.25,   851.46,   345.53
  475.37,   591.82,    97.94
  477.40,   592.87,   221.46
  478.26,   595.86,   345.83
  479.30,   716.45,    95.15
  481.80,   718.75,   217.62
  482.82,   722.17,   344.87
  482.94,   841.20,    93.21
  485.63,   844.78,   216.23
  487.36,   848.49,   342.88
  226.67,   600.23,   225.32
  230.64,   602.66,   350.65
  233.57,   604.34,   475.80
  225.14,   726.18,   223.97
  227.82,   727.86,   349.38
  230.32,   729.05,   474.31
  222.90,   851.48,   221.60
  224.54,   852.30,   346.67
  227.06,   853.88,   471.60
  351.73,   601.52,   221.67
  354.37,   604.40,   346.57
  356.99,   607.13,   471.60
  350.51,   727.44,   219.24
  352.23,   730.70,   345.41
  354.24,   732.91,   471.30
  348.74,   852.80,   217.52
  349.94,   856.19,   342.83
  351.44,   858.47,   468.03
  477.11,   603.40,   217.92
  478.85,   606.66,   342.49
  481.32,   609.94,   467.81
  475.63,   729.34,   214.08
  477.53,   733.05,   341.33
  479.91,   735.99,   468.45
  473.57,   855.19,   212.98
  476.03,   859.30,   339.10
  478.15,   861.67,   465.58
  227.04,   599.82,   350.86
  229.30,   599.92,   476.05
  230.51,   599.65,   600.46
  223.34,   724.97,   351.17
  225.19,   724.57,   476.10
  227.62,   724.26,   600.17
  219.15,   849.40,   350.06
  221.06,   849.39,   475.03
  224.43,   849.61,   600.03
  350.76,   602.46,   347.55
  352.71,   603.60,   472.58
  355.04,   604.50,   597.52
  347.70,   728.73,   347.98
  349.05,   729.32,   473.82
  351.88,   728.77,   598.18
  344.48,   854.23,   346.96
  345.31,   854.86,   472.23
  347.80,   853.45,   597.47
  475.19,   605.64,   344.19
  476.95,   607.34,   469.49
  480.07,   608.37,   594.78
  472.94,   732.05,   344.67
  474.60,   733.38,   471.70
  477.23,   733.05,   596.24
  470.55,   858.32,   343.98
  471.87,   859.08,   470.48
  473.25,   857.31,   595.62
  226.36,   598.89,   475.46
  228.12,   600.98,   599.83
  229.79,   603.32,   723.80
  226.24,   723.59,   473.06
  229.19,   725.66,   597.10
  233.12,   728.72,   721.13
  226.07,   848.49,   469.48
  229.87,   851.00,   594.45
  234.98,   854.69,   718.88
  349.81,   598.46,   471.41
  352.65,   601.78,   596.34
  355.22,   604.20,   721.27
  350.14,   724.21,   470.19
  353.48,   726.14,   594.58
  357.62,   727.41,   717.82
  350.47,   849.93,   466.29
  353.40,   850.92,   591.42
  358.09,   851.80,   715.06
  473.97,   598.06,   467.64
  477.65,   601.58,   592.98
  482.12,   604.18,   718.36
  475.64,   724.12,   467.41
  478.88,   726.35,   592.05
  482.45,   727.21,   714.89
  477.13,   849.98,   464.14
  479.11,   850.77,   589.20
  481.71,   850.57,   712.11
  224.69,   599.25,   601.62
  220.31,   601.52,   725.55
  217.54,   605.23,   849.50
  223.30,   723.92,   598.85
  221.16,   727.06,   722.97
  218.48,   730.06,   848.61
  221.59,   849.27,   596.25
  220.71,   853.16,   720.79
  216.38,   855.05,   847.46
  349.20,   602.70,   604.14
  345.62,   604.95,   729.02
  343.66,   607.43,   853.49
  347.60,   726.93,   602.24
  345.75,   728.26,   725.50
  344.00,   730.74,   850.09
  345.04,   851.66,   599.12
  343.91,   852.89,   722.77
  340.69,   855.25,   847.45
  474.35,   605.21,   606.81
  472.65,   607.68,   732.13
  470.83,   610.10,   856.97
  472.94,   729.74,   605.63
  470.55,   730.42,   728.33
  468.52,   732.81,   851.86
  470.42,   853.96,   602.69
  467.28,   853.80,   725.55
  464.11,   856.25,   848.96
  350.25,    99.83,    98.41
  347.41,   100.42,   223.60
  343.89,   101.10,   349.04
  351.95,   225.06,    98.98
  348.92,   225.84,   224.20
  345.38,   225.39,   349.02
  352.96,   350.21,    99.37
  349.63,   349.98,   224.23
  346.90,   349.17,   348.24
  474.85,    98.62,   100.98
  472.04,    99.31,   226.00
  469.08,    99.18,   351.96
  477.06,   222.89,   101.81
  474.33,   223.97,   227.10
  470.74,   224.06,   352.30
  478.80,   347.54,   102.54
  475.69,   347.82,   227.50
  471.62,   347.85,   350.91
  599.53,    98.07,   103.55
  596.45,    98.29,   227.93
  594.12,    97.22,   353.97
  601.43,   222.13,   104.46
  598.85,   222.85,   229.17
  596.10,   222.37,   354.08
  603.70,   345.39,   105.35
  601.17,   345.96,   229.91
  596.44,   346.97,   353.04
  352.45,    98.15,   225.97
  353.38,    98.64,   351.47
  354.86,    98.33,   476.84
  353.98,   223.58,   226.72
  354.84,   223.01,   351.63
  356.30,   222.38,   476.50
  354.69,   347.71,   226.88
  356.28,   346.73,   350.91
  357.83,   346.56,   475.24
  477.09,    97.11,   223.91
  478.56,    96.73,   349.86
  480.15,    96.34,   475.77
  479.39,   221.77,   225.17
  480.25,   221.69,   350.41
  481.32,   221.12,   475.54
  480.78,   345.60,   225.74
  481.07,   345.52,   349.16
  481.76,   345.59,   473.23
  601.52,    96.14,   221.42
  603.56,    94.88,   347.39
  605.56,    94.21,   473.55
  603.85,   220.75,   222.83
  605.63,   220.02,   347.68
  606.68,   219.53,   473.43
  606.29,   343.77,   223.78
  605.99,   344.62,   346.93
  606.37,   345.09,   471.46
  351.72,    99.46,   350.84
  353.86,    97.13,   476.16
  356.16,    94.29,   600.76
  354.10,   223.77,   352.99
  356.24,   221.15,   477.85
  358.88,   218.82,   602.73
  356.48,   347.46,   354.25
  358.68,   345.30,   478.59
  361.03,   344.18,   603.93
  476.88,    96.66,   348.53
  479.12,    94.23,   474.36
  481.37,    92.24,   599.13
  479.49,   221.58,   351.08
  481.25,   218.99,   476.22
  483.39,   216.44,   601.00
  481.22,   345.38,   351.80
  482.60,   343.44,   475.91
  485.08,   341.82,   601.63
  601.83,    93.93,   345.34
  604.47,    91.21,   471.43
  606.51,    89.96,   596.96
  604.86,   219.03,   347.66
  606.60,   216.50,   473.42
  608.21,   214.60,   599.71
  606.12,   343.60,   348.88
  607.21,   342.03,   473.46
  609.64,   339.77,   600.17
  351.04,   102.46,   477.57
  348.12,   102.58,   602.15
  345.19,   102.47,   726.74
  353.85,   226.44,   476.25
  351.24,   227.23,   601.14
  349.05,   228.52,   726.20
  356.73,   350.63,   474.10
  353.82,   352.59,   599.41
  350.65,   354.82,   725.36
  476.29,    99.18,   481.20
  473.23,   100.10,   605.84
  469.75,   101.22,   729.52
  478.78,   223.86,   479.94
  475.68,   224.37,   604.65
  472.90,   225.33,   728.74
  480.57,   348.35,   476.71
  477.83,   349.81,   602.39
  475.79,   351.17,   728.78
  601.66,    95.73,   483.68
  598.28,    97.56,   609.20
  594.94,    99.83,   733.62
  604.04,   220.99,   482.59
  600.40,   222.12,   608.79
  596.58,   223.53,   734.00
  605.11,   346.54,   479.64
  602.34,   347.28,   606.33
  600.76,   347.32,   733.44
  348.34,    98.60,   601.18
  350.77,    95.08,   725.73
  353.65,    92.10,   850.75
  346.35,   223.21,   603.62
  349.69,   220.97,   728.61
  351.85,   217.77,   853.53
  343.80,   348.61,   605.39
  346.17,   347.33,   731.28
  348.11,   344.08,   855.92
  473.51,   101.26,   599.44
  475.62,    99.12,   723.14
  477.49,    95.64,   847.62
  470.78,   225.54,   601.56
  473.52,   223.08,   725.68
  475.05,   219.58,   849.38
  467.81,   350.96,   602.70
  471.25,   348.93,   729.07
  474.00,   345.78,   853.53
  598.58,   103.79,   597.34
  600.72,   102.71,   721.82
  602.38,    99.38,   845.63
  595.51,   228.45,   600.03
  597.32,   226.45,   725.48
  598.59,   222.79,   848.76
  592.20,   353.68,   600.89
  596.19,   350.33,   728.11
  600.06,   347.17,   852.63
  352.76,   226.74,   101.63
  352.01,   230.10,   226.86
  350.82,   232.26,   351.67
  354.99,   351.79,    99.35
  353.98,   354.17,   224.22
  353.54,   356.02,   348.17
  357.31,   476.64,    96.68
  356.37,   478.30,   221.21
  356.11,   480.93,   345.00
  477.87,   223.32,   102.19
  477.46,   227.02,   227.49
  476.18,   229.74,   352.63
  480.83,   347.90,   100.21
  480.07,   350.80,   225.22
  478.27,   353.53,   348.54
  483.30,   473.12,    97.68
  482.22,   475.07,   222.16
  480.38,   478.23,   344.79
  602.24,   221.34,   102.58
  601.97,   224.71,   227.29
  601.55,   226.87,   352.10
  605.62,   344.57,   100.73
  605.59,   347.73,   225.39
  603.13,   351.44,   348.47
  608.74,   469.22,    98.13
  608.19,   472.45,   222.55
  605.17,   476.44,   345.39
  348.68,   226.17,   226.73
  350.86,   223.05,   351.58
  353.63,   219.93,   476.43
  348.06,   350.26,   229.38
  351.03,   346.76,   353.39
  353.90,   344.08,   477.74
  347.91,   474.42,   231.67
  351.09,   471.67,   355.50
  353.91,   469.57,   479.81
  474.14,   225.67,   223.94
  476.26,   223.10,   349.09
  478.65,   220.02,   474.19
  474.13,   349.52,   227.00
  475.77,   346.88,   350.38
  477.80,   344.43,   474.44
  473.65,   473.80,   229.18
  475.26,   471.58,   351.84
  477.35,   469.82,   475.82
  598.65,   225.94,   220.37
  601.62,   222.81,   345.10
  603.98,   219.79,   470.77
  599.71,   348.99,   223.82
  600.67,   347.35,   346.87
  602.37,   345.30,   471.34
  599.59,   473.76,   226.22
  600.03,   472.38,   348.99
  601.75,   470.85,   473.27
  351.38,   226.52,   351.22
  347.97,   228.97,   475.92
  345.08,   231.92,   600.82
  354.33,   350.23,   347.52
  351.04,   353.16,   471.76
  347.81,   357.24,   597.01
  357.13,   475.06,   344.09
  353.79,   478.62,   468.36
  350.32,   482.85,   593.67
  476.70,   223.81,   355.02
  472.86,   226.32,   479.98
  469.48,   228.95,   604.62
  479.02,   347.59,   350.71
  474.83,   350.74,   474.68
  471.79,   354.37,   600.26
  481.34,   472.23,   346.69
  477.20,   476.11,   470.60
  474.60,   480.09,   596.50
  602.03,   220.73,   357.32
  598.07,   223.41,   483.04
  594.17,   226.59,   609.09
  603.81,   345.33,   353.42
  599.32,   348.88,   477.93
  596.24,   351.76,   604.48
  606.02,   470.33,   350.07
  601.56,   474.38,   474.34
  599.07,   476.83,   600.65
  348.95,   225.14,   474.89
  350.82,   222.66,   599.85
  353.10,   220.57,   724.80
  346.41,   349.32,   476.03
  347.94,   348.01,   601.38
  349.31,   346.93,   727.30
  343.60,   474.84,   478.02
  344.76,   473.69,   603.36
  345.07,   472.12,   729.30
  473.89,   228.07,   474.07
  475.29,   225.34,   598.89
  476.96,   223.05,   723.04
  470.21,   352.45,   474.10
  471.95,   350.73,   599.77
  474.36,   348.85,   726.19
  466.98,   477.85,   475.40
  469.15,   476.52,   601.35
  472.03,   474.75,   728.25
  599.11,   230.78,   472.14
  600.05,   228.58,   598.39
  600.79,   226.76,   723.92
  594.67,   356.25,   472.42
  596.38,   353.80,   599.04
  599.32,   350.60,   726.30
  591.34,   481.70,   474.23
  593.61,   478.88,   600.59
  598.59,   475.46,   727.52
  350.29,   223.79,   598.65
  351.08,   222.96,   723.68
  350.80,   221.27,   848.70
  351.15,   349.15,   598.91
  351.02,   349.32,   724.86
  350.41,   347.63,   849.67
  351.74,   474.89,   599.58
  350.65,   474.58,   725.61
  350.06,   472.60,   850.62
  474.81,   222.67,   599.17
  474.98,   221.60,   723.29
  474.02,   219.53,   847.04
  475.20,   348.10,   598.81
  476.11,   347.42,   725.22
  476.38,   345.74,   849.82
  476.12,   473.90,   599.08
  477.62,   473.33,   726.03
  478.32,   471.88,   851.54
  599.63,   222.12,   600.18
  598.82,   221.57,   725.57
  597.49,   219.26,   848.82
  599.72,   347.37,   599.61
  601.04,   345.42,   726.84
  602.32,   343.62,   851.38
  600.62,   472.49,   599.84
  604.10,   470.20,   726.83
  606.72,   469.74,   852.14
  350.94,   350.21,   102.36
  350.64,   348.17,   227.22
  350.85,   345.62,   351.27
  352.11,   474.98,   104.09
  351.97,   472.32,   228.58
  352.40,   470.50,   352.42
  354.10,   599.52,   105.27
  354.25,   597.34,   229.74
  354.00,   596.37,   354.63
  476.85,   347.35,   102.53
  476.73,   345.86,   227.51
  475.63,   344.18,   350.97
  478.23,   472.52,   104.45
  477.78,   470.13,   228.78
  476.61,   468.86,   351.46
  479.68,   597.44,   105.35
  479.58,   595.12,   228.94
  478.40,   594.54,   353.43
  601.73,   345.02,   102.32
  602.25,   343.83,   226.96
  600.53,   343.08,   350.13
  603.91,   469.72,   104.16
  603.70,   468.54,   228.48
  601.37,   468.12,   351.29
  605.31,   596.02,   104.85
  605.19,   594.29,   228.59
  603.84,   593.47,   353.45
  349.60,   350.43,   224.37
  349.61,   349.63,   348.41
  349.58,   349.64,   472.78
  349.39,   474.62,   223.98
  349.65,   474.57,   347.86
  349.57,   475.17,   472.24
  350.18,   599.66,   223.38
  349.77,   600.45,   348.33
  349.36,   601.08,   473.39
  475.72,   349.62,   224.92
  474.39,   349.68,   348.33
  473.45,   349.93,   472.38
  475.24,   473.93,   224.45
  473.89,   474.40,   347.15
  473.03,   475.35,   471.14
  475.56,   598.93,   222.80
  474.19,   600.12,   347.36
  473.58,   601.29,   472.59
  601.30,   349.07,   224.64
  599.28,   350.13,   347.75
  598.00,   350.81,   472.23
  601.21,   473.86,   224.38
  598.69,   475.16,   347.20
  597.45,   476.35,   471.51
  601.18,   599.60,   222.62
  599.69,   600.53,   347.56
  598.88,   601.33,   473.28
  349.97,   350.72,   350.42
  348.66,   353.71,   474.73
  347.36,   357.83,   600.04
  349.68,   475.64,   346.95
  348.32,   479.22,   471.30
  346.73,   483.45,   596.63
  349.49,   601.48,   344.47
  347.78,   605.07,   469.56
  346.39,   608.31,   594.50
  474.70,   351.15,   351.58
  472.49,   354.35,   475.57
  471.41,   358.04,   601.21
  473.91,   475.84,   347.50
  471.77,   479.76,   471.47
  471.12,   483.80,   597.38
  473.92,   601.50,   344.78
  472.02,   605.64,   470.05
  471.47,   609.16,   595.36
  599.54,   351.99,   352.28
  596.99,   355.62,   476.73
  595.89,   358.52,   603.32
  598.68,   476.98,   348.83
  596.19,   481.10,   473.14
  595.64,   483.63,   599.45
  599.41,   602.28,   346.26
  597.36,   606.03,   472.01
  596.65,   608.47,   597.44
  348.71,   350.86,   474.49
  346.23,   350.26,   599.84
  343.51,   349.91,   725.77
  350.76,   476.39,   475.73
  347.97,   475.95,   601.11
  344.25,   475.05,   727.06
  352.61,   602.27,   478.67
  350.03,   600.86,   603.61
  346.96,   598.59,   728.56
  472.54,   349.03,   476.59
  470.26,   347.98,   602.26
  468.61,   346.83,   728.57
  474.18,   474.47,   477.12
  472.36,   473.78,   603.13
  471.20,   472.72,   730.02
  476.84,   600.38,   480.36
  475.14,   599.15,   605.66
  474.06,   597.14,   731.15
  597.05,   347.79,   478.97
  594.74,   346.00,   605.63
  593.51,   343.55,   732.72
  598.54,   473.33,   479.99
  596.87,   471.08,   606.43
  597.87,   468.41,   733.36
  602.03,   598.25,   483.54
  600.24,   595.87,   608.91
  600.31,   593.49,   733.89
  351.43,   349.38,   599.44
  351.32,   347.25,   725.36
  350.74,   343.28,   850.12
  349.51,   475.09,   602.43
  348.36,   472.48,   728.40
  347.78,   468.21,   853.31
  347.88,   599.94,   606.63
  347.30,   595.96,   731.57
  348.27,   592.14,   856.13
  475.47,   350.85,   599.39
  476.38,   347.89,   725.79
  476.62,   343.91,   850.31
  473.93,   476.62,   601.99
  475.37,   473.78,   728.89
  475.96,   470.00,   854.28
  473.06,   601.97,   606.26
  474.49,   598.19,   731.70
  475.73,   594.38,   856.75
  599.97,   352.62,   600.22
  601.36,   348.37,   727.46
  602.59,   344.33,   851.95
  598.46,   477.67,   602.81
  601.97,   473.16,   729.71
  604.41,   470.48,   854.94
  598.22,   602.44,   607.09
  600.67,   598.28,   731.97
  602.21,   595.74,   856.78
  349.29,   475.68,   102.14
  351.60,   476.88,   226.61
  354.47,   478.98,   350.42
  348.82,   600.32,    99.50
  351.46,   601.93,   223.91
  353.67,   604.88,   348.83
  349.16,   725.37,    96.85
  351.95,   727.88,   221.37
  353.23,   731.20,   347.57
  475.37,   475.70,   100.01
  477.40,   477.09,   224.39
  478.70,   479.74,   347.03
  474.29,   600.69,    97.20
  476.83,   602.09,   220.62
  478.15,   605.43,   345.19
  474.11,   725.33,    94.24
  477.08,   728.07,   216.67
  478.55,   731.83,   343.98
  600.86,   475.31,    97.26
  603.39,   477.92,   221.66
  603.53,   481.38,   344.49
  599.76,   601.64,    94.35
  602.45,   603.67,   217.72
  603.72,   606.71,   342.71
  598.72,   728.00,    91.35
  602.10,   729.53,   212.97
  604.97,   732.20,   341.08
  349.50,   473.57,   226.83
  348.78,   469.82,   350.66
  347.74,   466.70,   475.00
  347.19,   598.58,   229.93
  345.81,   595.64,   354.82
  344.48,   592.53,   479.75
  345.43,   724.55,   233.34
  343.05,   721.85,   359.50
  341.19,   718.04,   485.12
  475.27,   475.93,   228.31
  472.93,   472.73,   350.99
  471.13,   469.95,   474.98
  472.48,   600.91,   230.35
  470.10,   598.40,   354.92
  468.57,   595.81,   480.01
  470.57,   726.95,   232.47
  468.20,   724.80,   359.86
  466.54,   721.74,   486.42
  601.11,   478.97,   229.28
  597.64,   476.57,   352.09
  595.48,   474.01,   476.41
  598.03,   604.59,   231.17
  595.55,   601.86,   356.21
  593.78,   598.91,   481.81
  595.77,   730.33,   232.56
  594.67,   727.36,   360.89
  593.35,   723.90,   488.06
  349.04,   475.76,   349.83
  345.93,   472.80,   474.17
  342.53,   470.52,   599.47
  347.46,   601.63,   353.87
  344.03,   598.64,   478.82
  340.76,   595.39,   603.68
  346.12,   727.89,   358.35
  342.12,   724.21,   483.99
  339.54,   719.54,   608.12
  473.17,   477.22,   352.17
  469.30,   474.58,   476.17
  466.88,   472.11,   602.10
  471.77,   602.95,   356.02
  468.16,   600.49,   481.14
  465.86,   597.49,   606.35
  471.30,   729.39,   360.81
  467.52,   726.45,   487.39
  464.81,   721.93,   611.53
  597.85,   479.64,   355.32
  593.64,   477.17,   479.66
  591.39,   473.17,   606.01
  597.22,   604.96,   359.38
  593.38,   602.10,   484.97
  591.00,   598.00,   610.22
  597.79,   730.46,   363.96
  594.37,   727.11,   491.06
  590.65,   722.79,   615.31
  350.44,   473.07,   475.24
  353.55,   475.51,   600.56
  355.90,   477.52,   726.57
  352.45,   598.95,   475.19
  355.80,   600.47,   600.12
  358.83,   601.11,   725.11
  354.54,   724.71,   475.75
  358.42,   724.80,   600.09
  363.00,   724.24,   723.34
  473.84,   470.94,   470.75
  477.84,   473.11,   596.67
  482.84,   474.81,   723.59
  476.61,   596.84,   470.95
  480.79,   598.52,   596.30
  485.80,   599.35,   721.76
  480.08,   722.87,   472.53
  483.80,   723.26,   597.07
  487.84,   722.39,   719.94
  598.19,   469.66,   467.69
  602.21,   470.41,   594.03
  609.01,   470.30,   721.01
  601.78,   594.64,   468.19
  605.75,   595.18,   593.74
  611.58,   595.36,   718.73
  606.85,   719.57,   469.51
  609.85,   719.95,   594.44
  612.33,   720.40,   717.29
  348.65,   476.65,   598.59
  351.39,   477.62,   724.54
  354.70,   476.92,   849.54
  346.77,   601.57,   599.35
  350.15,   601.16,   724.26
  354.97,   600.72,   848.85
  345.31,   725.85,   600.38
  350.33,   724.40,   723.68
  355.57,   724.00,   848.10
  472.93,   478.43,   594.17
  478.28,   479.14,   721.04
  483.07,   479.00,   846.65
  471.77,   603.86,   595.06
  477.07,   603.62,   720.43
  482.34,   603.25,   845.49
  470.58,   728.56,   596.95
  475.15,   726.54,   719.76
  480.06,   725.94,   843.17
  597.28,   479.88,   591.01
  604.49,   478.80,   717.91
  611.35,   479.45,   843.37
  596.81,   604.72,   592.00
  602.89,   603.93,   716.87
  608.49,   604.64,   841.57
  596.68,   729.59,   593.86
  599.58,   728.80,   716.56
  603.18,   728.66,   839.42
  349.23,   598.05,   100.63
  347.79,   600.49,   225.06
  346.00,   604.23,   350.03
  347.19,   723.08,    97.14
  345.88,   726.39,   221.75
  343.13,   730.44,   347.95
  344.59,   847.88,    93.90
  343.44,   851.72,   219.05
  340.10,   855.81,   344.38
  474.74,   600.79,   102.25
  473.11,   603.12,   225.73
  470.35,   607.27,   350.39
  472.19,   725.44,    98.32
  471.00,   729.07,   221.09
  468.31,   733.65,   348.45
  469.25,   850.16,    95.43
  468.33,   854.89,   219.01
  466.13,   859.84,   345.15
  600.30,   604.30,   103.27
  598.65,   607.13,   226.78
  595.86,   610.99,   351.91
  596.72,   730.58,    99.08
  596.06,   732.90,   221.36
  594.73,   736.49,   349.66
  593.44,   855.13,    97.12
  592.21,   858.85,   218.96
  592.70,   861.88,   346.55
  348.29,   599.89,   224.06
  349.70,   598.22,   348.96
  351.11,   596.41,   473.91
  350.88,   725.84,   226.07
  351.29,   724.53,   352.27
  352.13,   722.14,   478.06
  352.89,   851.27,   228.73
  352.79,   850.23,   354.14
  353.10,   847.81,   479.60
  473.65,   597.97,   221.66
  474.10,   596.70,   346.13
  475.28,   595.43,   471.22
  476.01,   723.97,   222.26
  476.53,   723.11,   349.56
  477.66,   721.47,   476.39
  477.82,   850.04,   225.34
  478.97,   849.51,   351.89
  479.78,   847.23,   478.65
  599.27,   597.44,   219.65
  599.55,   595.94,   344.47
  600.49,   594.36,   470.04
  601.12,   723.29,   219.48
  602.91,   721.47,   347.56
  604.48,   719.30,   474.98
  601.84,   849.37,   222.01
  605.69,   846.84,   350.09
  607.77,   844.31,   477.65
  348.54,   599.53,   349.52
  349.32,   603.55,   474.56
  350.43,   607.25,   599.50
  350.22,   725.77,   346.98
  350.38,   729.27,   472.83
  352.02,   731.57,   597.19
  351.85,   851.36,   343.05
  351.45,   854.91,   468.30
  352.60,   856.33,   593.50
  472.93,   597.90,   347.36
  473.55,   602.48,   472.58
  475.53,   606.41,   597.92
  475.45,   724.24,   344.90
  475.96,   728.50,   471.88
  477.43,   731.07,   596.44
  477.94,   850.55,   341.33
  478.16,   854.25,   467.97
  478.31,   855.42,   593.00
  598.38,   597.04,   346.37
  598.83,   601.24,   472.06
  600.64,   604.07,   597.55
  601.80,   722.51,   343.56
  602.88,   726.21,   471.13
  603.60,   728.88,   596.00
  604.47,   847.89,   340.11
  606.11,   851.19,   467.71
  605.51,   853.83,   592.73
  350.40,   601.89,   473.33
  353.97,   604.00,   598.23
  357.27,   605.23,   723.15
  349.78,   727.65,   473.30
  353.87,   728.34,   597.64
  358.73,   728.42,   720.86
  349.13,   853.31,   470.50
  352.82,   853.09,   595.67
  358.25,   852.85,   719.31
  474.59,   602.48,   468.88
  478.98,   604.77,   594.18
  484.17,   606.15,   719.51
  475.31,   728.57,   469.85
  479.24,   729.52,   594.42
  483.50,   729.17,   717.19
  475.78,   854.37,   467.60
  478.45,   853.89,   592.68
  481.77,   852.54,   715.62
  599.88,   602.93,   465.88
  604.04,   604.12,   591.38
  609.88,   604.95,   716.21
  602.23,   727.97,   466.59
  605.42,   728.97,   591.55
  607.96,   729.96,   714.29
  603.71,   853.02,   464.80
  605.65,   853.98,   589.90
  606.54,   854.57,   712.76
  348.49,   599.27,   599.22
  351.54,   598.06,   724.18
  355.98,   596.75,   848.80
  347.95,   723.57,   601.09
  352.63,   721.26,   724.41
  357.58,   720.04,   848.83
  346.56,   848.28,   601.74
  352.05,   845.68,   725.23
  355.53,   844.26,   849.68
  473.49,   600.64,   595.24
  478.52,   599.59,   720.67
  483.46,   598.41,   845.79
  473.26,   725.35,   597.95
  477.52,   722.55,   720.81
  482.16,   721.16,   844.31
  471.95,   849.63,   598.81
  475.42,   845.78,   721.58
  478.88,   844.43,   844.65
  598.52,   600.58,   592.50
  604.38,   598.93,   717.45
  609.76,   598.84,   842.21
  599.34,   725.43,   595.17
  602.01,   723.85,   717.92
  605.38,   722.90,   840.88
  599.00,   850.37,   596.15
  599.87,   848.33,   718.83
  601.72,   846.77,   841.57
  475.15,    99.31,    98.80
  472.65,   102.91,   223.79
  469.97,   105.68,   349.77
  474.35,   223.47,    96.71
  471.97,   227.46,   221.98
  468.62,   230.39,   347.09
  473.13,   348.20,    94.40
  470.32,   351.33,   219.52
  466.58,   354.14,   342.87
  599.86,   101.80,   101.09
  597.07,   104.99,   225.42
  595.12,   106.76,   351.45
  598.80,   225.69,    99.08
  596.52,   229.30,   223.81
  593.94,   231.78,   348.56
  597.92,   349.07,    96.94
  595.91,   352.36,   221.70
  591.39,   356.25,   344.70
  724.51,   103.55,   103.40
  721.69,   106.04,   227.57
  720.17,   107.86,   352.85
  723.14,   228.31,   101.37
  720.62,   231.71,   225.58
  719.06,   232.66,   349.56
  722.36,   350.96,    99.40
  720.75,   354.59,   223.27
  716.21,   358.26,   346.97
  475.11,    99.89,   224.80
  477.72,   101.01,   350.76
  480.44,   102.05,   476.66
  472.42,   224.47,   224.70
  474.38,   225.83,   349.86
  476.59,   226.71,   474.88
  468.74,   348.32,   223.89
  470.27,   349.57,   347.29
  472.12,   351.08,   471.26
  599.50,   103.94,   221.16
  602.79,   104.11,   347.12
  605.90,   104.85,   473.31
  596.93,   228.24,   221.27
  599.68,   229.13,   345.98
  601.78,   230.13,   471.55
  594.32,   351.27,   220.86
  595.09,   353.60,   343.88
  596.55,   355.60,   468.19
  724.08,   106.94,   218.10
  727.74,   107.27,   343.28
  731.50,   107.55,   469.36
  720.94,   232.68,   217.86
  724.68,   231.99,   341.74
  727.28,   233.11,   467.73
  719.18,   355.37,   217.24
  719.94,   357.51,   340.90
  721.36,   359.09,   466.06
  473.76,    98.64,   352.59
  475.53,    96.53,   478.42
  477.30,    94.81,   603.12
  473.13,   223.53,   354.81
  474.44,   221.25,   479.91
  476.17,   219.03,   604.65
  471.69,   347.33,   355.23
  472.69,   345.69,   479.37
  474.76,   344.47,   605.07
  598.84,    99.05,   349.96
  600.97,    96.69,   476.09
  602.43,    95.74,   601.62
  598.52,   224.16,   351.95
  599.74,   221.99,   477.67
  600.95,   220.36,   603.89
  596.56,   348.75,   352.81
  597.22,   347.50,   477.37
  599.25,   345.57,   604.06
  723.81,    99.60,   347.18
  726.48,    96.89,   473.20
  727.46,    96.70,   599.30
  723.68,   224.29,   348.64
  725.39,   222.29,   474.85
  726.16,   221.52,   602.64
  721.48,   349.91,   350.81
  722.19,   348.24,   476.19
  724.70,   346.01,   603.29
  474.76,    99.37,   477.36
  475.47,    97.73,   602.06
  475.78,    96.48,   725.86
  476.59,   224.04,   478.59
  477.25,   221.99,   603.37
  478.14,   220.39,   727.46
  477.73,   348.51,   477.85
  478.74,   347.42,   603.60
  480.44,   346.14,   730.01
  600.19,    96.56,   476.02
  600.59,    95.75,   601.56
  601.09,    95.54,   726.13
  601.91,   221.83,   477.40
  602.04,   220.38,   603.66
  601.94,   219.33,   729.02
  602.30,   347.36,   476.95
  603.27,   345.56,   603.67
  605.34,   343.06,   730.89
  725.61,    93.87,   474.14
  725.60,    93.77,   600.19
  725.01,    92.81,   725.98
  727.61,   219.16,   475.64
  727.26,   218.61,   603.45
  727.07,   218.63,   730.23
  727.32,   345.07,   476.84
  728.76,   343.04,   603.97
  731.09,   341.00,   731.31
  477.18,   100.02,   602.02
  479.54,   101.29,   725.72
  481.48,   101.05,   850.11
  476.10,   224.33,   600.74
  479.07,   225.31,   724.91
  480.92,   225.26,   848.63
  474.73,   349.76,   598.35
  478.48,   351.13,   724.78
  481.66,   351.50,   849.44
  602.28,   100.84,   599.56
  604.64,   103.17,   724.15
  606.37,   103.12,   847.93
  600.88,   225.51,   598.91
  602.91,   226.97,   724.44
  604.52,   226.76,   847.83
  599.19,   350.78,   596.25
  603.42,   350.84,   723.51
  607.78,   351.10,   848.25
  727.36,   101.69,   596.25
  728.50,   103.65,   722.24
  730.78,   102.36,   846.60
  726.10,   226.48,   596.58
  728.16,   228.94,   723.52
  730.55,   230.19,   847.49
  724.57,   351.10,   594.44
  729.13,   351.37,   721.81
  732.97,   351.67,   846.88
  476.84,   223.67,   101.96
  480.25,   223.93,   227.21
  482.87,   223.21,   352.38
  476.31,   348.36,   103.50
  479.39,   347.77,   228.42
  481.44,   347.05,   351.78
  475.23,   473.57,   104.48
  478.00,   472.08,   228.77
  480.02,   471.77,   351.41
  601.21,   225.05,    98.49
  604.73,   225.10,   223.15
  608.22,   223.77,   347.86
  601.13,   348.43,   100.10
  604.91,   348.14,   224.75
  606.32,   348.40,   347.81
  600.82,   473.24,   101.00
  603.94,   472.93,   225.34
  604.81,   473.46,   348.15
  725.61,   226.77,    94.92
  728.76,   226.84,   219.16
  733.27,   223.88,   343.06
  725.39,   349.61,    96.69
  729.70,   349.68,   220.52
  731.25,   349.50,   344.27
  725.37,   473.48,    97.28
  729.81,   474.55,   221.29
  729.89,   475.55,   345.80
  476.51,   224.35,   223.92
  474.53,   221.16,   349.11
  472.82,   217.45,   474.24
  473.81,   348.16,   227.59
  471.36,   344.88,   351.02
  469.34,   341.75,   475.14
  470.60,   472.40,   230.37
  468.15,   469.51,   353.08
  466.21,   467.06,   477.09
  601.04,   227.20,   224.52
  599.88,   223.45,   349.30
  598.10,   219.82,   475.04
  599.33,   350.25,   228.53
  596.17,   347.97,   351.61
  593.83,   345.25,   476.15
  596.43,   474.99,   231.51
  592.83,   472.94,   354.27
  590.53,   470.72,   478.60
  725.14,   230.57,   225.10
  725.00,   225.25,   349.08
  723.69,   221.83,   475.29
  724.17,   353.46,   228.91
  721.02,   350.85,   352.66
  718.74,   347.74,   478.01
  722.24,   478.51,   232.18
  717.75,   476.77,   356.57
  715.28,   473.47,   481.47
  475.11,   226.43,   350.76
  472.74,   227.84,   475.78
  470.84,   229.35,   600.51
  476.17,   350.23,   347.57
  473.45,   352.28,   471.55
  471.87,   354.79,   597.16
  477.23,   474.93,   344.63
  474.57,   477.69,   468.57
  473.42,   480.56,   594.47
  600.47,   224.60,   351.54
  598.01,   226.15,   477.24
  595.60,   228.19,   603.38
  601.03,   349.18,   348.76
  597.98,   351.66,   473.22
  596.35,   353.44,   599.79
  601.99,   474.19,   346.48
  598.99,   477.17,   470.74
  597.90,   478.57,   597.06
  725.64,   222.22,   351.88
  723.64,   224.01,   478.16
  720.77,   226.91,   605.94
  725.92,   347.87,   350.37
  722.94,   349.92,   475.75
  721.80,   351.39,   602.77
  726.98,   473.88,   349.27
  723.72,   475.72,   474.20
  723.25,   476.18,   600.28
  474.82,   226.64,   475.30
  477.41,   225.44,   600.10
  480.27,   224.69,   724.28
  475.18,   351.10,   473.72
  478.09,   350.89,   599.40
  481.75,   350.47,   725.87
  475.95,   476.55,   473.38
  479.32,   476.67,   599.36
  483.67,   476.34,   726.29
  600.12,   225.26,   472.16
  602.21,   224.61,   598.39
  604.10,   224.38,   723.92
  599.72,   350.79,   470.84
  602.58,   349.87,   597.46
  606.67,   348.18,   724.74
  600.36,   476.33,   471.03
  603.77,   474.98,   597.40
  609.97,   472.89,   724.34
  725.78,   223.38,   468.40
  727.45,   223.57,   596.17
  729.31,   224.36,   723.10
  724.68,   349.37,   468.78
  728.00,   348.14,   595.79
  732.38,   346.81,   723.16
  725.09,   475.21,   469.94
  729.07,   472.99,   596.02
  734.76,   469.75,   722.35
  475.90,   224.99,   602.39
  476.60,   227.82,   726.55
  476.22,   229.63,   850.30
  471.62,   350.34,   598.14
  473.04,   353.63,   724.55
  473.87,   355.90,   849.25
  467.84,   476.06,   594.52
  469.72,   479.48,   721.39
  470.94,   481.88,   846.98
  600.62,   229.13,   602.79
  600.38,   232.34,   728.30
  599.83,   233.81,   851.61
  596.03,   354.31,   598.25
  598.07,   356.20,   725.48
  600.22,   358.40,   850.16
  592.25,   479.42,   594.60
  596.18,   481.11,   721.49
  599.50,   484.54,   846.89
  725.77,   233.05,   602.80
  725.67,   237.25,   729.68
  725.80,   240.02,   853.47
  721.39,   357.55,   598.71
  723.77,   359.48,   726.03
  725.49,   361.52,   850.97
  717.50,   482.37,   595.39
  721.12,   482.69,   721.63
  723.97,   485.08,   846.37
  474.83,   347.68,    99.34
  472.05,   348.75,   224.37
  468.33,   349.55,   347.79
  473.60,   472.98,    98.65
  470.50,   473.04,   223.11
  466.79,   474.25,   345.82
  472.37,   597.97,    97.18
  469.77,   598.01,   220.69
  466.00,   599.97,   345.20
  599.71,   347.94,   101.84
  597.59,   349.26,   226.51
  593.15,   351.09,   349.59
  599.19,   472.74,   101.07
  596.41,   474.03,   225.44
  591.50,   476.08,   348.19
  597.95,   599.04,    99.34
  595.33,   599.71,   222.86
  591.41,   601.44,   347.74
  724.18,   349.31,   104.22
  722.39,   350.93,   228.06
  717.99,   352.44,   351.82
  724.05,   473.14,   103.09
  722.21,   475.90,   227.22
  716.45,   478.39,   351.62
  723.03,   599.92,   100.93
  721.25,   602.52,   225.73
  716.98,   603.48,   351.28
  474.18,   348.69,   224.25
  470.62,   349.78,   347.65
  467.45,   351.05,   471.65
  473.46,   472.98,   222.74
  469.89,   474.48,   345.43
  466.80,   476.46,   469.38
  473.54,   597.95,   220.05
  469.94,   600.18,   344.55
  467.06,   602.42,   469.76
  599.72,   348.40,   226.20
  595.45,   350.50,   349.29
  591.93,   352.23,   473.73
  599.39,   473.16,   224.89
  594.63,   475.50,   347.66
  591.16,   477.74,   471.92
  599.12,   598.88,   222.08
  595.37,   600.86,   346.95
  592.33,   602.76,   472.64
  724.50,   349.28,   227.58
  720.31,   351.02,   351.36
  716.85,   352.36,   476.69
  725.18,   474.21,   226.49
  719.59,   476.99,   350.92
  715.90,   478.15,   475.82
  725.05,   600.86,   224.79
  720.92,   602.11,   350.33
  717.70,   602.54,   476.07
  473.31,   349.37,   350.53
  472.75,   352.81,   474.51
  473.32,   356.74,   600.12
  472.49,   474.04,   346.20
  472.00,   478.19,   470.13
  472.99,   482.48,   596.03
  472.45,   599.68,   343.20
  472.20,   604.07,   468.44
  473.31,   607.85,   593.77
  598.19,   350.18,   349.56
  597.28,   354.06,   473.98
  597.81,   357.22,   600.54
  597.29,   475.13,   345.86
  596.43,   479.53,   470.11
  597.49,   482.34,   596.42
  597.94,   600.43,   342.98
  597.55,   604.47,   468.71
  598.47,   607.16,   594.19
  723.11,   350.75,   349.02
  722.23,   354.22,   474.34
  723.27,   357.03,   601.29
  722.35,   476.69,   346.48
  721.19,   479.99,   471.39
  722.82,   481.85,   597.44
  723.56,   601.82,   343.71
  722.94,   604.35,   469.45
  723.98,   606.17,   595.20
  474.92,   348.19,   472.17
  477.08,   348.72,   597.82
  479.97,   349.08,   724.27
  476.76,   473.60,   471.00
  479.37,   474.48,   596.97
  482.96,   474.94,   723.92
  479.63,   599.49,   472.54
  482.40,   599.89,   597.89
  486.00,   599.47,   723.37
  599.48,   346.74,   470.04
  601.57,   346.60,   596.64
  604.85,   345.71,   723.90
  601.17,   472.29,   469.39
  603.80,   471.73,   595.76
  609.22,   470.39,   722.75
  604.86,   597.23,   471.22
  607.43,   596.48,   596.74
  611.85,   595.45,   721.72
  724.47,   344.20,   468.67
  726.99,   343.78,   595.72
  730.55,   343.27,   723.11
  725.88,   470.05,   469.03
  729.11,   468.62,   595.13
  734.06,   466.18,   721.53
  730.09,   594.54,   470.33
  732.81,   592.96,   596.10
  736.36,   591.10,   720.71
  473.71,   349.44,   598.96
  471.02,   350.07,   725.30
  467.63,   349.69,   849.87
  477.19,   475.19,   598.10
  475.08,   475.90,   724.98
  472.05,   475.68,   850.44
  481.41,   600.56,   598.99
  479.33,   600.32,   724.41
  476.99,   599.93,   849.47
  598.16,   346.10,   603.46
  595.89,   345.41,   730.54
  593.52,   344.90,   854.83
  601.65,   471.17,   602.54
  601.57,   470.19,   729.43
  600.42,   471.08,   854.62
  606.43,   595.90,   603.39
  605.36,   595.21,   728.31
  603.38,   596.21,   853.08
  723.58,   342.10,   608.26
  721.51,   341.75,   735.52
  718.65,   341.30,   859.96
  727.00,   466.75,   607.52
  726.50,   464.53,   733.84
  724.86,   464.58,   858.52
  731.78,   591.07,   608.34
  729.83,   589.50,   732.73
  727.33,   590.63,   856.18
  476.62,   473.96,   100.01
  478.92,   472.49,   224.43
  480.47,   472.24,   347.07
  476.00,   598.92,   100.03
  478.73,   597.50,   223.54
  480.28,   597.92,   348.01
  476.30,   723.60,    99.69
  479.40,   723.51,   222.47
  481.09,   724.33,   349.81
  602.09,   473.17,    97.01
  604.92,   472.91,   221.45
  605.29,   473.50,   344.28
  601.50,   599.50,    96.93
  604.36,   598.69,   220.45
  605.79,   598.86,   345.35
  600.83,   725.95,    96.44
  604.51,   724.54,   218.62
  607.52,   724.35,   346.74
  726.57,   473.00,    93.85
  730.79,   474.07,   217.83
  730.40,   475.19,   342.36
  726.36,   599.67,    93.29
  730.33,   600.85,   217.95
  731.38,   600.39,   343.53
  725.16,   728.75,    92.85
  729.75,   726.61,   217.01
  733.47,   724.55,   344.27
  475.66,   473.69,   227.65
  472.37,   472.37,   350.35
  469.62,   471.50,   474.36
  474.02,   598.69,   227.80
  470.70,   598.09,   352.36
  468.21,   597.42,   477.50
  473.26,   724.74,   227.89
  469.97,   724.52,   355.28
  467.33,   723.44,   482.00
  601.51,   475.56,   229.51
  597.08,   475.08,   352.32
  593.98,   474.41,   476.66
  599.58,   601.25,   229.54
  596.14,   600.41,   354.52
  593.42,   599.39,   480.16
  598.44,   727.05,   228.93
  596.41,   725.96,   357.21
  594.17,   724.44,   484.49
  727.30,   478.35,   230.88
  722.02,   478.17,   355.36
  718.73,   476.38,   480.29
  725.50,   604.93,   232.05
  721.69,   603.19,   357.63
  718.81,   600.75,   483.36
  723.80,   730.32,   232.16
  722.58,   727.29,   359.62
  720.77,   724.08,   486.54
  473.54,   475.20,   350.07
  473.43,   475.08,   474.10
  474.80,   475.06,   600.10
  476.94,   600.90,   351.38
  477.10,   600.98,   476.61
  478.61,   600.43,   601.95
  481.34,   727.29,   353.54
  481.42,   726.96,   480.43
  482.43,   725.02,   604.82
  598.29,   472.87,   349.38
  597.81,   472.96,   473.71
  599.25,   471.45,   600.13
  602.37,   598.21,   350.84
  602.30,   597.89,   476.52
  603.65,   596.20,   602.00
  607.74,   723.66,   352.69
  608.26,   722.76,   480.09
  608.42,   720.95,   604.80
  723.28,   470.93,   349.64
  722.52,   469.92,   474.59
  724.55,   467.53,   600.75
  727.83,   596.09,   351.21
  727.51,   594.37,   476.89
  729.01,   591.83,   602.62
  733.64,   720.19,   352.40
  734.53,   717.51,   479.26
  734.48,   716.18,   604.91
  473.18,   475.64,   470.71
  477.58,   474.94,   596.61
  482.97,   473.78,   723.51
  474.06,   601.57,   473.91
  478.64,   600.37,   599.17
  484.02,   598.34,   724.60
  475.55,   727.62,   478.39
  479.68,   725.02,   602.75
  484.17,   721.30,   725.57
  597.57,   476.35,   467.24
  601.97,   474.24,   593.53
  609.15,   471.28,   720.48
  599.31,   601.33,   470.75
  603.65,   599.02,   596.19
  609.84,   596.38,   721.11
  602.42,   726.34,   474.99
  605.71,   723.83,   599.72
  608.59,   721.39,   722.44
  722.26,   476.23,   465.06
  727.21,   473.21,   591.08
  733.95,   469.14,   717.42
  724.61,   600.65,   468.05
  729.03,   597.52,   593.75
  734.31,   594.09,   718.29
  728.85,   723.91,   471.07
  731.91,   721.78,   596.74
  733.49,   721.23,   720.45
  474.09,   476.60,   599.18
  472.82,   480.10,   726.02
  470.70,   482.62,   851.46
  477.46,   601.95,   597.25
  476.22,   604.44,   722.64
  474.81,   606.73,   847.61
  480.88,   726.63,   596.44
  478.81,   727.34,   719.24
  477.16,   729.38,   842.59
  598.57,   473.43,   602.76
  599.41,   475.26,   729.60
  599.17,   478.97,   854.77
  602.53,   598.20,   600.80
  602.25,   600.28,   725.68
  601.11,   603.94,   850.39
  606.92,   722.97,   599.87
  603.27,   725.09,   722.55
  600.42,   727.71,   845.46
  723.93,   469.88,   606.91
  724.36,   470.39,   733.17
  723.67,   473.26,   857.76
  727.92,   594.23,   604.93
  726.78,   595.48,   729.33
  725.06,   599.32,   852.69
  732.98,   718.60,   603.43
  728.02,   722.63,   726.98
  723.89,   725.41,   849.26
  474.48,   599.43,   102.24
  477.61,   600.06,   225.72
  479.60,   602.52,   350.27
  476.68,   724.14,    99.88
  480.22,   726.07,   222.63
  482.36,   728.91,   350.02
  478.50,   848.98,    98.65
  482.22,   852.09,   222.08
  485.06,   855.22,   348.52
  599.99,   598.07,    98.75
  603.21,   599.28,   222.25
  605.10,   601.46,   347.17
  601.19,   724.54,    96.26
  605.29,   725.13,   218.40
  608.77,   726.92,   346.52
  602.59,   849.37,    95.74
  606.10,   851.19,   217.24
  611.63,   852.18,   345.21
  724.85,   596.25,    94.74
  729.16,   599.46,   219.38
  730.64,   601.00,   344.94
  725.52,   725.29,    92.28
  730.51,   725.25,   216.42
  734.65,   725.16,   343.64
  726.56,   850.51,    92.14
  730.16,   850.13,   213.62
  737.04,   848.51,   342.20
  476.11,   597.60,   222.91
  474.82,   595.60,   347.38
  474.29,   593.60,   472.45
  476.19,   723.60,   224.27
  474.97,   722.00,   351.60
  474.37,   719.62,   478.36
  475.75,   849.67,   228.11
  475.10,   848.42,   354.68
  474.13,   845.39,   481.40
  601.74,   599.34,   222.64
  600.30,   597.11,   347.52
  599.53,   594.78,   473.08
  601.36,   725.14,   223.28
  601.40,   722.62,   351.44
  601.21,   719.73,   478.77
  599.87,   851.18,   226.63
  601.92,   848.01,   354.71
  602.12,   844.80,   482.17
  727.71,   602.12,   223.02
  725.88,   599.18,   348.58
  724.86,   595.43,   474.23
  726.69,   727.69,   224.50
  727.49,   723.30,   351.84
  727.69,   718.65,   478.74
  724.10,   852.35,   226.34
  727.73,   846.68,   354.97
  728.75,   843.00,   481.82
  473.68,   598.64,   346.87
  472.21,   599.45,   472.07
  472.09,   599.69,   597.42
  474.45,   725.07,   348.23
  472.86,   725.53,   475.15
  472.30,   724.37,   599.64
  475.17,   851.47,   348.44
  473.22,   851.32,   475.11
  471.43,   848.65,   600.08
  599.16,   599.55,   347.93
  597.49,   600.00,   473.62
  597.22,   599.12,   599.08
  600.86,   725.10,   349.00
  599.76,   725.04,   476.48
  598.36,   723.97,   601.22
  601.87,   850.52,   349.38
  601.19,   850.12,   476.88
  598.40,   848.90,   601.79
  724.73,   601.02,   349.92
  722.85,   600.01,   475.66
  722.69,   598.25,   601.37
  726.94,   725.19,   350.37
  726.28,   723.31,   477.35
  724.57,   722.70,   602.96
  727.62,   848.64,   350.63
  727.77,   847.74,   477.55
  725.23,   848.72,   603.17
  474.83,   601.37,   475.06
  473.36,   603.63,   600.39
  472.49,   604.99,   725.79
  473.64,   727.39,   476.02
  471.68,   728.25,   600.48
  470.13,   727.82,   723.29
  472.14,   853.15,   473.78
  468.90,   852.53,   598.73
  466.62,   851.15,   721.63
  600.12,   603.75,   478.04
  598.52,   604.87,   603.44
  598.57,   605.90,   728.25
  600.58,   728.75,   478.75
  597.73,   729.75,   603.42
  594.51,   730.62,   725.99
  600.06,   853.82,   476.90
  595.83,   854.65,   601.76
  590.94,   854.88,   724.42
  725.53,   605.51,   481.44
  724.02,   605.80,   607.09
  723.04,   606.17,   731.35
  727.14,   728.79,   480.97
  723.94,   730.39,   606.52
  719.11,   733.42,   729.91
  726.55,   853.34,   478.98
  722.62,   856.47,   604.50
  717.09,   859.88,   727.72
  474.42,   600.09,   600.12
  475.51,   599.21,   725.62
  476.42,   598.20,   850.73
  472.41,   724.71,   602.53
  472.79,   722.07,   725.44
  473.58,   720.96,   849.10
  469.29,   848.92,   603.20
  468.98,   845.27,   725.95
  468.60,   844.25,   849.24
  599.56,   601.68,   601.33
  601.58,   600.34,   726.25
  602.82,   600.59,   851.06
  598.45,   726.53,   603.64
  597.21,   725.14,   726.31
  596.85,   724.42,   849.44
  596.18,   851.43,   604.38
  593.18,   849.44,   726.97
  591.42,   848.03,   850.03
  725.05,   602.98,   603.13
  726.05,   600.92,   727.52
  726.66,   601.25,   850.94
  724.68,   727.49,   604.92
  721.86,   728.13,   728.40
  720.14,   727.39,   850.77
  723.01,   853.57,   605.27
  719.29,   854.77,   728.58
  716.20,   853.08,   851.68
  600.23,   102.71,    99.99
  601.68,   106.38,   224.27
  604.05,   108.57,   350.24
  596.93,   226.51,    97.60
  598.90,   230.61,   222.32
  600.61,   233.52,   346.97
  593.78,   349.89,    95.05
  596.09,   353.60,   219.87
  595.82,   357.96,   342.84
  724.89,   106.69,    98.02
  726.26,   109.60,   222.13
  729.05,   111.84,   347.28
  721.29,   231.10,    95.57
  722.95,   235.21,   219.83
  725.63,   236.57,   343.69
  718.04,   353.80,    93.23
  720.97,   357.89,   217.16
  720.67,   362.11,   340.84
  849.52,   110.51,    95.93
  850.95,   112.84,   220.95
  853.87,   115.33,   345.95
  845.83,   236.16,    93.06
  847.37,   238.70,   217.51
  850.31,   239.87,   342.22
  842.30,   359.02,    90.87
  844.98,   362.63,   214.40
  845.77,   365.88,   339.46
  601.60,   101.71,   222.45
  601.59,   100.42,   348.46
  601.42,    99.74,   474.68
  603.82,   226.18,   223.90
  603.38,   225.51,   348.70
  602.26,   225.05,   474.43
  606.06,   349.24,   224.84
  603.58,   350.11,   347.95
  601.84,   350.59,   472.46
  726.27,    99.75,   222.69
  726.54,    98.81,   348.01
  726.92,    97.79,   474.08
  727.90,   225.77,   223.71
  728.53,   223.48,   347.74
  727.93,   223.19,   473.97
  730.83,   348.73,   224.43
  728.50,   349.13,   348.26
  726.83,   349.14,   473.66
  851.05,    97.94,   224.00
  851.45,    97.49,   349.08
  851.80,    96.86,   474.27
  852.44,   224.05,   223.86
  853.30,   221.72,   348.70
  853.58,   220.99,   474.75
  854.83,   348.34,   224.15
  853.71,   347.66,   349.36
  852.63,   346.73,   475.38
  600.58,   101.25,   349.10
  603.58,   103.49,   475.27
  605.71,   107.07,   600.93
  600.75,   226.32,   346.42
  602.73,   228.77,   471.98
  604.74,   231.75,   598.21
  599.42,   350.83,   342.81
  600.73,   354.29,   467.10
  603.48,   357.01,   593.60
  725.52,   101.19,   345.46
  729.15,   102.99,   471.49
  730.83,   107.51,   597.84
  725.84,   225.91,   342.32
  728.36,   228.46,   468.33
  730.00,   232.20,   596.07
  724.36,   351.43,   339.95
  725.65,   354.44,   465.14
  728.89,   356.79,   592.00
  850.40,   101.37,   343.36
  854.07,   103.45,   468.60
  856.23,   107.53,   593.88
  850.53,   225.74,   340.04
  853.94,   227.80,   466.03
  855.93,   232.08,   592.39
  849.48,   351.67,   337.78
  851.39,   353.63,   463.71
  854.33,   356.05,   589.96
  601.92,    98.41,   476.21
  603.64,    96.85,   601.73
  605.46,    95.90,   726.29
  598.58,   223.67,   478.40
  600.10,   221.44,   604.60
  601.35,   219.64,   729.93
  594.01,   349.13,   478.72
  596.35,   346.60,   605.41
  599.78,   343.36,   732.57
  727.48,   100.64,   473.08
  728.65,    99.90,   599.24
  729.20,    98.31,   725.06
  724.15,   226.08,   475.34
  725.25,   224.67,   603.12
  726.52,   223.88,   729.92
  718.90,   352.01,   477.30
  721.73,   349.13,   604.38
  725.51,   346.17,   731.73
  852.46,   103.71,   470.77
  853.92,   102.60,   596.01
  854.21,   100.65,   721.05
  849.71,   228.12,   473.49
  851.15,   227.32,   599.97
  852.63,   227.33,   725.74
  844.50,   353.85,   476.46
  847.16,   351.15,   602.78
  850.23,   349.05,   728.46
  600.95,    99.09,   601.52
  598.16,   103.73,   726.02
  594.57,   105.94,   849.68
  599.91,   223.69,   598.54
  596.81,   227.44,   723.90
  593.35,   229.48,   847.20
  598.55,   348.94,   593.46
  597.58,   351.39,   720.61
  596.86,   354.03,   845.36
  725.94,    99.77,   603.41
  722.03,   103.94,   729.41
  719.15,   105.20,   853.51
  725.10,   224.46,   601.47
  721.95,   229.21,   728.26
  719.11,   232.39,   851.95
  723.98,   348.98,   596.90
  723.34,   351.58,   724.19
  722.15,   354.15,   849.10
  851.12,   100.03,   604.49
  846.95,   103.79,   729.81
  844.09,   105.43,   854.36
  851.01,   224.74,   602.74
  848.08,   230.38,   728.71
  845.86,   234.01,   853.44
  849.49,   348.51,   599.77
  848.17,   352.01,   725.49
  846.02,   355.18,   850.23
  601.61,   224.21,    99.16
  598.24,   228.06,   223.85
  594.61,   230.76,   348.58
  598.71,   347.50,    96.69
  595.63,   351.05,   221.44
  590.04,   355.17,   344.42
  595.52,   472.28,    93.54
  591.91,   475.73,   218.03
  585.89,   480.00,   340.68
  725.89,   228.89,   102.49
  722.30,   232.49,   226.65
  719.65,   233.69,   350.61
  723.12,   351.44,   100.20
  720.40,   355.32,   224.03
  714.75,   359.26,   347.70
  720.23,   475.26,    96.75
  717.66,   480.19,   220.78
  710.81,   485.02,   345.08
  850.32,   233.71,   105.23
  846.73,   235.78,   229.74
  844.39,   236.78,   354.39
  847.30,   356.61,   102.91
  844.42,   359.96,   226.68
  839.78,   362.90,   351.75
  844.22,   479.73,    99.86
  842.07,   484.84,   223.88
  836.03,   489.04,   349.10
  599.37,   224.85,   226.33
  596.54,   226.37,   351.16
  593.01,   228.09,   476.79
  597.52,   347.89,   225.06
  592.70,   350.88,   348.13
  588.61,   353.51,   472.49
  594.57,   472.58,   222.82
  589.29,   475.79,   345.51
  585.26,   478.95,   469.69
  723.47,   228.43,   228.42
  721.64,   228.44,   352.47
  718.49,   230.45,   478.70
  722.29,   351.37,   226.96
  717.49,   354.08,   350.70
  713.43,   356.36,   475.94
  720.34,   476.25,   224.90
  714.21,   479.94,   349.26
  709.95,   482.09,   474.09
  847.95,   230.85,   230.86
  846.42,   230.70,   355.58
  844.08,   232.38,   481.69
  846.36,   355.12,   228.95
  842.58,   356.81,   354.07
  838.97,   358.08,   480.03
  844.76,   480.05,   227.31
  839.50,   483.02,   352.57
  835.30,   484.06,   478.27
  601.77,   227.05,   351.68
  600.75,   226.88,   477.41
  599.77,   227.22,   603.65
  598.61,   351.65,   350.60
  597.02,   352.41,   475.11
  596.85,   352.45,   601.76
  595.89,   476.66,   349.96
  594.36,   477.91,   474.31
  594.77,   477.58,   600.71
  726.91,   228.35,   350.59
  726.33,   228.42,   476.84
  724.96,   229.55,   604.67
  723.48,   354.05,   350.81
  721.94,   354.37,   476.18
  722.29,   354.06,   603.22
  720.89,   480.01,   351.36
  719.13,   480.15,   476.32
  720.10,   478.85,   602.44
  851.69,   229.92,   351.40
  851.95,   229.56,   477.50
  850.86,   231.36,   604.00
  848.68,   355.97,   351.79
  847.62,   355.30,   477.81
  847.77,   355.17,   604.13
  846.31,   482.15,   352.18
  844.62,   481.29,   477.99
  845.42,   479.87,   603.93
  599.82,   225.14,   476.80
  596.76,   223.65,   602.99
  593.53,   222.51,   728.24
  599.10,   350.67,   476.35
  596.86,   348.88,   603.00
  595.76,   346.41,   730.14
  599.42,   476.21,   477.40
  597.79,   473.98,   603.79
  598.85,   471.28,   730.71
  725.45,   223.60,   478.35
  721.92,   222.99,   606.14
  718.54,   222.90,   732.84
  724.07,   349.51,   479.53
  722.33,   347.45,   606.60
  721.48,   345.26,   733.92
  724.18,   475.29,   481.50
  723.17,   472.15,   607.61
  723.85,   468.16,   733.93
  851.10,   221.70,   481.04
  847.83,   221.88,   607.53
  844.73,   222.70,   733.52
  849.82,   347.36,   483.22
  847.83,   345.59,   609.50
  846.35,   344.38,   735.27
  849.73,   473.26,   485.27
  848.47,   470.10,   611.14
  847.99,   467.05,   736.03
  600.33,   225.66,   601.85
  601.87,   226.06,   727.33
  602.96,   224.71,   850.62
  598.21,   350.91,   600.29
  601.98,   349.90,   727.55
  605.73,   349.12,   852.13
  596.92,   476.05,   599.58
  602.76,   474.75,   726.52
  607.77,   475.26,   851.83
  725.54,   227.14,   600.06
  727.12,   228.56,   726.96
  728.99,   228.60,   850.79
  723.61,   351.71,   598.99
  727.70,   350.93,   726.36
  730.97,   350.21,   851.29
  722.20,   476.55,   598.57
  727.61,   473.97,   724.89
  732.05,   473.35,   849.69
  851.47,   228.06,   596.67
  853.18,   230.29,   722.48
  855.60,   230.58,   847.19
  849.08,   351.99,   597.17
  852.36,   352.07,   722.84
  854.84,   352.04,   847.49
  847.46,   476.76,   597.36
  851.81,   475.18,   722.34
  854.92,   475.17,   846.70
  602.12,   349.01,   100.47
  601.56,   346.83,   225.13
  598.67,   345.14,   348.25
  600.87,   473.78,   103.26
  599.53,   471.56,   227.58
  596.11,   470.12,   350.34
  598.85,   600.05,   104.91
  597.58,   597.22,   228.59
  595.12,   595.45,   353.44
  726.55,   351.15,   101.40
  726.35,   349.30,   225.23
  723.55,   347.20,   348.98
  725.72,   474.97,   103.77
  725.35,   474.23,   227.90
  721.08,   473.17,   352.33
  723.96,   601.80,   105.08
  723.54,   600.83,   230.02
  720.67,   598.25,   355.55
  850.75,   354.50,   101.60
  850.41,   351.99,   225.43
  848.71,   348.84,   350.56
  849.56,   477.73,   104.40
  849.74,   476.91,   228.54
  846.49,   475.02,   353.80
  848.44,   602.99,   106.77
  848.21,   602.84,   231.93
  845.63,   600.00,   356.68
  600.64,   348.23,   226.55
  598.39,   345.89,   349.64
  596.90,   343.11,   474.19
  603.95,   472.95,   229.62
  601.14,   470.89,   352.43
  599.67,   468.62,   476.76
  607.39,   598.66,   231.34
  605.56,   596.19,   356.30
  604.45,   593.49,   481.87
  725.37,   345.44,   225.88
  723.30,   342.59,   349.60
  721.91,   339.42,   474.99
  729.73,   470.28,   229.21
  726.08,   468.57,   353.66
  724.40,   465.16,   478.59
  733.31,   596.91,   232.14
  730.94,   593.65,   357.62
  729.63,   589.59,   483.22
  849.35,   342.81,   225.30
  848.45,   338.84,   350.38
  847.66,   334.75,   476.35
  853.97,   467.60,   229.07
  851.50,   464.94,   354.31
  849.96,   460.55,   480.15
  857.72,   593.29,   233.19
  855.79,   589.93,   357.83
  854.53,   585.79,   483.56
  598.17,   349.69,   349.03
  599.90,   349.13,   473.50
  603.02,   347.85,   600.15
  595.27,   474.70,   349.73
  597.05,   474.64,   474.05
  600.75,   472.95,   600.45
  593.96,   600.04,   351.41
  596.16,   599.60,   477.08
  599.78,   597.77,   602.52
  723.06,   352.24,   345.92
  724.80,   351.22,   471.22
  728.42,   349.62,   598.23
  720.31,   478.19,   347.84
  721.77,   477.04,   472.76
  726.02,   474.44,   598.85
  719.57,   603.28,   349.57
  721.53,   601.42,   475.31
  725.19,   598.77,   601.00
  848.21,   354.40,   343.54
  850.48,   352.36,   469.50
  853.81,   350.89,   595.77
  845.75,   480.55,   345.34
  847.28,   478.38,   471.09
  851.21,   475.64,   597.04
  844.50,   605.53,   346.81
  846.52,   603.42,   472.42
  849.98,   600.91,   598.39
  599.79,   351.55,   472.85
  598.69,   350.47,   599.48
  598.79,   348.67,   726.71
  600.06,   477.09,   473.23
  599.53,   475.59,   599.60
  601.72,   473.51,   726.54
  602.34,   602.03,   476.09
  601.68,   600.40,   601.51
  602.82,   598.62,   726.43
  724.77,   350.49,   474.84
  724.16,   349.11,   601.89
  724.53,   347.58,   729.26
  724.83,   476.30,   476.16
  724.90,   473.89,   602.26
  726.70,   470.55,   728.59
  727.67,   600.70,   478.47
  727.14,   598.22,   604.16
  727.35,   595.64,   728.58
  850.54,   348.44,   477.36
  849.67,   347.29,   603.67
  849.34,   346.70,   729.41
  850.40,   474.40,   478.72
  850.20,   471.92,   604.65
  850.90,   469.57,   729.58
  852.60,   599.56,   479.76
  851.95,   597.22,   605.76
  852.51,   595.45,   730.74
  597.98,   351.41,   601.82
  599.05,   352.42,   729.02
  600.13,   353.73,   853.54
  597.08,   476.55,   599.02
  600.18,   477.33,   725.93
  602.43,   479.94,   851.24
  597.48,   601.40,   598.08
  599.44,   602.45,   723.00
  600.66,   605.01,   847.76
  723.45,   351.79,   603.31
  724.80,   352.98,   730.63
  725.39,   354.22,   855.39
  722.44,   476.60,   600.78
  725.14,   476.06,   727.06
  726.88,   477.67,   851.79
  722.96,   600.97,   599.86
  724.00,   601.26,   724.30
  724.56,   603.93,   847.70
  848.94,   351.69,   604.20
  849.54,   353.77,   729.89
  849.24,   355.62,   854.58
  847.76,   476.38,   602.30
  849.40,   476.80,   727.24
  849.73,   478.79,   851.62
  847.86,   601.66,   600.59
  849.18,   602.74,   725.61
  849.44,   605.45,   849.44
  600.50,   472.44,   102.59
  599.84,   475.07,   226.91
  597.09,   478.48,   349.72
  599.02,   598.74,    99.56
  598.59,   600.76,   223.07
  596.88,   603.80,   348.03
  597.54,   725.12,    96.29
  598.01,   726.58,   218.41
  597.79,   729.33,   346.57
  725.30,   473.04,   102.42
  725.70,   477.14,   226.53
  722.12,   480.96,   351.02
  724.06,   599.78,    99.01
  724.55,   603.75,   223.77
  722.51,   606.01,   349.37
  721.90,   728.75,    95.72
  723.30,   729.36,   219.88
  723.91,   730.20,   347.30
  849.15,   475.21,   102.33
  850.10,   479.21,   226.46
  847.55,   482.20,   351.72
  848.50,   600.25,    99.82
  849.20,   605.13,   225.05
  847.39,   607.16,   349.77
  847.33,   728.72,    97.21
  847.69,   730.59,   222.85
  847.74,   730.97,   347.78
  599.81,   473.17,   223.88
  597.50,   473.28,   346.68
  596.45,   473.28,   470.96
  602.38,   598.91,   223.30
  601.05,   598.64,   348.23
  600.42,   598.24,   473.89
  605.66,   724.75,   221.97
  605.88,   724.13,   350.16
  605.85,   723.16,   477.60
  725.65,   471.28,   223.00
  722.50,   471.87,   347.45
  721.17,   470.78,   472.37
  728.32,   597.99,   223.58
  726.55,   597.05,   349.13
  725.67,   595.23,   474.81
  730.97,   723.67,   223.18
  731.82,   721.19,   350.42
  732.17,   718.41,   477.32
  849.95,   469.51,   222.40
  847.91,   469.25,   347.68
  846.70,   467.13,   473.49
  852.87,   595.39,   224.31
  851.41,   594.28,   349.02
  850.60,   592.32,   474.70
  855.20,   720.80,   225.61
  855.46,   718.16,   350.32
  855.90,   715.68,   475.93
  599.25,   475.25,   347.95
  601.39,   479.93,   472.23
  605.48,   482.92,   598.54
  601.24,   600.54,   344.82
  603.86,   604.80,   470.54
  607.79,   607.66,   596.00
  604.38,   725.99,   341.83
  607.69,   729.73,   469.43
  610.54,   732.46,   594.33
  724.31,   475.39,   345.66
  726.12,   478.95,   470.56
  730.76,   481.05,   596.58
  726.81,   600.53,   342.58
  729.16,   603.31,   468.27
  733.22,   605.37,   594.02
  730.30,   724.74,   338.99
  734.05,   726.52,   465.92
  736.80,   729.60,   591.70
  849.75,   474.30,   342.72
  851.68,   476.91,   468.45
  855.88,   478.93,   594.36
  851.66,   599.32,   339.38
  854.04,   602.02,   464.87
  857.80,   604.32,   590.81
  853.94,   723.33,   335.99
  857.61,   725.29,   461.39
  860.94,   729.37,   587.23
  598.30,   474.20,   471.62
  602.75,   475.98,   597.96
  610.01,   477.00,   724.83
  601.14,   599.15,   471.10
  605.49,   600.76,   596.60
  611.55,   602.09,   721.45
  605.40,   724.10,   471.30
  608.70,   725.57,   596.17
  611.38,   727.12,   718.91
  722.99,   472.80,   469.52
  727.99,   473.69,   595.59
  734.72,   473.53,   721.84
  726.38,   597.26,   468.48
  730.85,   598.04,   594.23
  736.03,   598.62,   718.75
  731.72,   720.51,   467.46
  734.89,   722.26,   593.21
  736.39,   725.79,   717.03
  848.52,   470.30,   467.06
  853.14,   471.07,   593.01
  858.79,   472.06,   717.91
  851.30,   595.49,   464.78
  855.48,   596.43,   590.74
  861.00,   597.96,   715.89
  855.41,   718.79,   462.57
  859.09,   721.51,   588.44
  862.40,   725.39,   714.09
  597.46,   474.81,   600.17
  598.00,   474.61,   727.05
  597.59,   476.23,   852.33
  595.05,   599.65,   600.09
  594.54,   599.75,   725.02
  593.24,   601.34,   849.85
  592.92,   724.51,   601.00
  589.25,   724.40,   723.65
  586.42,   724.97,   846.72
  722.79,   477.61,   604.48
  722.99,   476.08,   730.70
  722.16,   476.90,   855.37
  720.50,   601.95,   604.44
  719.01,   601.30,   728.77
  717.08,   603.11,   852.20
  719.09,   726.46,   604.79
  713.74,   728.39,   728.15
  709.50,   729.04,   850.46
  848.06,   480.19,   608.50
  847.19,   479.56,   733.36
  844.88,   480.59,   857.74
  845.42,   605.42,   607.76
  844.15,   605.51,   732.64
  841.64,   607.20,   856.18
  843.86,   730.57,   607.13
  839.80,   733.23,   732.45
  834.93,   732.81,   855.72
  600.65,   598.49,   100.67
  603.25,   596.50,   224.27
  604.51,   595.50,   349.12
  601.46,   724.95,   101.08
  605.02,   722.33,   223.69
  607.80,   720.97,   351.81
  602.42,   849.86,   103.56
  605.62,   848.40,   225.64
  610.50,   846.25,   353.84
  725.58,   597.14,    97.16
  729.23,   597.13,   221.91
  730.03,   595.49,   347.44
  725.83,   726.18,    97.75
  730.32,   722.84,   222.24
  733.74,   719.63,   349.44
  726.25,   851.36,   100.33
  729.83,   847.58,   222.69
  736.11,   842.96,   351.31
  849.85,   595.19,    94.89
  853.76,   596.07,   220.07
  854.92,   594.22,   344.69
  851.24,   723.57,    96.37
  854.55,   721.58,   222.08
  857.35,   718.19,   346.75
  851.28,   850.78,    96.92
  854.89,   846.09,   222.47
  858.86,   841.30,   349.47
  601.93,   597.80,   223.35
  602.31,   598.81,   348.25
  603.40,   599.64,   473.96
  605.99,   723.63,   220.70
  607.94,   724.26,   348.84
  609.67,   724.50,   476.33
  608.79,   849.68,   220.62
  612.86,   849.47,   348.76
  615.10,   849.39,   476.28
  727.87,   596.06,   221.94
  727.78,   596.43,   347.48
  728.60,   595.85,   473.17
  731.26,   721.81,   220.24
  733.80,   720.58,   347.43
  735.90,   718.99,   474.32
  733.00,   846.60,   218.60
  738.36,   843.88,   347.22
  741.36,   843.16,   474.10
  852.40,   592.68,   221.00
  852.62,   592.87,   345.70
  853.47,   592.18,   471.34
  855.48,   718.14,   221.05
  857.35,   716.80,   345.70
  859.44,   715.59,   471.22
  858.14,   842.71,   219.46
  861.11,   839.95,   346.39
  863.67,   839.38,   471.81
  598.06,   602.07,   350.13
  599.44,   603.87,   475.89
  602.18,   604.29,   601.35
  598.72,   727.61,   349.86
  600.69,   728.90,   477.36
  602.26,   729.16,   602.10
  598.65,   853.05,   348.83
  600.99,   853.96,   476.26
  601.22,   854.12,   601.18
  723.68,   604.52,   349.11
  724.84,   604.85,   474.90
  727.64,   604.46,   600.63
  724.83,   728.70,   348.16
  727.24,   728.15,   475.17
  728.53,   728.92,   600.83
  724.31,   852.18,   347.01
  727.49,   852.62,   473.96
  728.07,   854.99,   599.56
  848.58,   605.89,   347.12
  849.80,   606.07,   472.76
  852.40,   605.89,   598.76
  848.61,   729.75,   346.25
  851.11,   729.23,   471.88
  853.07,   731.02,   597.85
  847.41,   852.72,   345.96
  850.30,   853.18,   471.71
  852.87,   856.50,   597.10
  597.08,   602.06,   475.09
  594.18,   599.27,   600.41
  593.13,   596.33,   725.35
  599.31,   727.09,   479.89
  595.21,   724.10,   604.44
  591.01,   720.98,   727.04
  600.60,   852.13,   482.16
  595.09,   848.94,   606.93
  589.00,   845.21,   729.33
  722.42,   602.01,   479.76
  719.62,   598.33,   605.33
  717.69,   594.55,   729.67
  725.80,   725.27,   483.40
  721.32,   722.86,   608.84
  715.52,   721.62,   732.11
  727.13,   849.80,   485.51
  721.83,   848.93,   610.98
  714.76,   848.38,   734.09
  847.36,   602.12,   483.36
  844.56,   598.50,   609.29
  842.81,   595.36,   734.06
  849.73,   725.32,   485.78
  846.06,   723.82,   611.79
  841.61,   723.13,   737.08
  850.08,   849.42,   488.74
  847.00,   849.66,   614.10
  842.55,   850.48,   737.66
  601.27,   601.02,   598.67
  603.93,   599.07,   723.60
  605.91,   598.73,   848.42
  600.32,   725.86,   601.59
  599.73,   723.93,   724.29
  599.99,   722.64,   847.39
  598.20,   850.77,   602.91
  595.82,   848.28,   725.51
  594.65,   846.32,   848.47
  726.76,   602.27,   599.82
  728.43,   599.58,   724.27
  729.74,   599.22,   847.69
  726.57,   726.70,   602.20
  724.45,   726.77,   725.76
  723.33,   725.52,   848.13
  725.03,   852.76,   603.14
  721.98,   853.48,   726.52
  719.47,   851.33,   849.52
  851.58,   604.72,   599.85
  853.57,   602.89,   724.94
  854.56,   602.61,   848.89
  851.19,   729.85,   601.16
  850.62,   730.48,   726.69
  849.21,   728.21,   850.43
  849.99,   855.43,   602.53
  849.90,   857.46,   726.03
  847.43,   855.30,   850.75
