27, 125, pa2-debug-f-output1.txt
  192.76,   206.81,   193.92
  400.16,   399.47,   190.86
   97.93,    97.36,   101.52
   97.38,    95.56,   226.80
   97.53,    93.91,   351.81
   98.72,   221.56,   103.35
   98.61,   220.08,   229.28
  100.21,   218.98,   353.99
  100.95,   347.78,   105.46
  100.18,   345.77,   230.49
  101.19,   344.06,   356.33
  222.96,    95.45,   102.45
  222.66,    93.54,   228.49
  222.72,    92.95,   352.86
  224.35,   219.98,   104.51
  223.92,   218.48,   230.42
  225.23,   217.64,   355.12
  226.25,   345.86,   106.46
  225.49,   344.04,   231.51
  225.64,   341.90,   356.73
  348.05,    95.11,   103.57
  347.34,    92.65,   228.34
  347.19,    90.48,   352.40
  350.23,   220.75,   105.80
  349.63,   218.44,   230.47
  348.65,   215.53,   354.99
  352.42,   345.35,   108.39
  351.32,   342.91,   233.10
  349.86,   340.02,   356.69
  101.78,   100.70,   227.41
  100.81,    99.92,   352.20
   99.29,    98.77,   477.06
  102.47,   225.46,   229.00
  102.71,   225.21,   353.85
  101.19,   224.09,   478.65
  102.99,   351.61,   229.70
  102.73,   350.26,   355.20
  101.23,   348.64,   480.32
  226.95,    99.62,   230.03
  226.13,    99.56,   354.23
  224.17,    98.80,   478.97
  227.63,   224.48,   231.46
  227.24,   224.33,   356.16
  226.10,   223.27,   480.24
  228.42,   350.15,   231.82
  227.23,   348.95,   357.04
  226.33,   347.01,   481.99
  351.96,    99.84,   231.13
  349.98,    98.24,   355.00
  348.12,    96.50,   479.76
  353.35,   225.40,   232.74
  350.67,   223.22,   356.95
  348.48,   221.13,   481.36
  354.19,   349.92,   234.59
  351.39,   347.50,   358.31
  349.47,   345.67,   482.98
  100.61,    98.55,   350.44
  101.45,   100.41,   475.63
  101.46,   101.71,   600.53
  104.57,   223.79,   349.05
  105.75,   225.72,   474.02
  105.45,   226.32,   599.77
  106.82,   348.54,   347.44
  108.02,   350.50,   472.84
  108.50,   351.57,   597.81
  225.61,    95.98,   350.01
  226.68,    98.21,   474.83
  226.74,    98.49,   599.91
  229.19,   220.85,   348.90
  230.74,   222.87,   473.00
  229.76,   223.01,   598.09
  231.29,   345.12,   346.61
  232.88,   346.67,   471.61
  233.16,   347.88,   596.46
  349.85,    92.27,   348.30
  350.40,    93.95,   473.11
  350.81,    95.58,   598.68
  352.57,   217.53,   346.90
  352.74,   218.52,   471.16
  353.47,   220.15,   596.10
  355.66,   341.82,   345.32
  356.27,   343.12,   469.63
  357.18,   345.22,   595.15
   99.68,   101.12,   476.03
   97.13,   102.09,   600.97
   94.16,   101.64,   725.59
   98.53,   226.59,   474.89
   95.86,   226.93,   600.65
   91.99,   226.74,   725.14
   95.59,   351.04,   473.60
   93.65,   352.19,   598.94
   91.48,   353.44,   723.90
  224.61,   104.08,   477.44
  222.83,   104.25,   602.50
  220.09,   104.09,   727.70
  223.32,   228.87,   476.18
  220.87,   228.83,   601.30
  217.01,   229.05,   727.00
  220.62,   352.73,   475.15
  218.80,   353.92,   599.96
  215.43,   354.84,   724.17
  348.28,   104.96,   477.79
  346.57,   106.58,   603.60
  344.80,   107.96,   729.50
  346.04,   229.76,   476.56
  344.25,   231.13,   601.40
  343.50,   233.02,   727.71
  343.89,   354.49,   475.29
  342.73,   355.92,   600.64
  341.93,   357.88,   726.99
   98.30,   100.83,   601.49
   99.16,    96.50,   726.42
  100.50,    92.61,   850.70
   98.33,   225.26,   605.39
   97.96,   221.06,   729.75
   98.27,   217.97,   852.59
   97.71,   351.03,   607.80
   98.94,   347.85,   732.37
   99.82,   345.08,   855.70
  223.81,   101.77,   599.38
  225.02,    97.72,   724.85
  226.07,    94.10,   849.70
  223.24,   226.21,   602.33
  223.12,   222.43,   727.99
  225.45,   219.81,   852.88
  222.76,   351.05,   605.16
  223.02,   348.27,   729.71
  225.55,   345.60,   853.63
  347.87,   102.40,   596.77
  349.97,    99.73,   722.98
  352.17,    97.06,   848.10
  346.94,   226.94,   598.94
  349.64,   225.05,   725.03
  352.78,   222.61,   851.49
  346.80,   352.10,   602.49
  349.67,   349.71,   728.53
  353.01,   347.11,   853.64
   97.18,   222.38,    98.56
   96.95,   219.33,   224.94
   98.93,   217.44,   349.29
   99.80,   348.33,   102.46
   99.11,   345.40,   227.16
  100.15,   342.34,   352.95
  102.92,   474.01,   105.69
  101.93,   470.89,   229.80
  101.50,   467.28,   356.07
  222.98,   220.58,    99.63
  222.56,   217.66,   225.91
  223.67,   215.75,   350.36
  224.87,   346.29,   103.07
  224.17,   342.97,   227.88
  224.85,   340.05,   353.11
  227.65,   471.72,   105.90
  226.26,   468.83,   230.39
  226.06,   465.04,   356.09
  348.44,   220.39,   101.07
  348.19,   217.35,   225.62
  346.96,   213.51,   350.10
  351.05,   344.98,   104.89
  350.03,   341.55,   229.47
  348.92,   337.71,   353.02
  352.96,   469.94,   108.18
  351.90,   466.40,   232.43
  351.21,   462.99,   356.22
   97.60,   224.72,   225.05
  102.06,   227.27,   349.51
  104.25,   228.53,   474.70
  100.12,   350.98,   222.72
  103.78,   352.08,   348.62
  106.03,   353.34,   473.78
  103.37,   476.52,   221.22
  105.46,   476.91,   346.99
  108.04,   478.01,   472.67
  222.85,   222.24,   223.46
  226.40,   224.54,   348.23
  229.38,   226.27,   472.65
  225.24,   348.05,   221.04
  228.07,   348.85,   346.22
  231.00,   350.01,   471.44
  228.05,   473.58,   219.37
  229.97,   474.01,   345.01
  232.75,   474.68,   470.48
  348.68,   221.33,   221.22
  349.98,   221.57,   345.23
  351.72,   222.43,   469.47
  351.18,   345.92,   220.37
  352.58,   346.37,   344.17
  354.17,   346.82,   468.35
  353.79,   470.49,   219.33
  355.20,   471.43,   343.15
  357.27,   472.56,   467.87
  102.24,   223.43,   349.64
  103.30,   222.24,   474.67
  102.64,   219.84,   600.34
   98.71,   348.16,   351.05
   99.77,   346.86,   476.25
   99.92,   345.41,   601.57
   94.89,   473.29,   352.21
   95.98,   471.70,   477.61
   96.95,   470.67,   602.17
  226.95,   226.16,   349.61
  228.33,   225.25,   473.67
  227.69,   222.68,   598.95
  223.05,   350.64,   350.37
  224.89,   349.14,   475.19
  225.02,   347.82,   600.44
  219.38,   475.71,   351.59
  221.03,   473.87,   477.32
  221.64,   472.98,   601.60
  350.43,   228.83,   348.08
  350.50,   227.12,   472.04
  351.05,   225.85,   596.89
  347.13,   353.26,   349.21
  347.96,   351.64,   473.60
  348.75,   350.88,   598.84
  344.60,   478.39,   350.62
  345.38,   476.95,   475.42
  346.42,   476.14,   601.21
  102.22,   226.43,   473.42
   99.87,   228.93,   599.23
   96.10,   230.79,   723.74
  104.70,   351.29,   470.63
  103.08,   354.15,   595.72
  101.01,   357.32,   720.36
  107.10,   475.53,   467.69
  106.45,   479.38,   591.84
  104.94,   482.68,   715.53
  227.25,   223.47,   474.66
  224.48,   225.49,   599.58
  221.23,   227.52,   725.27
  229.77,   347.14,   471.33
  228.21,   350.21,   596.45
  224.90,   353.52,   720.78
  232.03,   471.90,   468.73
  231.51,   475.45,   593.12
  229.34,   478.94,   716.32
  349.55,   218.68,   474.91
  348.10,   222.28,   599.83
  347.63,   226.27,   726.05
  353.00,   343.52,   471.45
  351.88,   346.98,   596.88
  351.52,   351.12,   723.02
  356.65,   468.94,   469.02
  355.81,   472.39,   594.68
  355.23,   475.52,   720.71
  102.53,   223.19,   600.13
  100.57,   221.55,   724.87
   99.29,   221.22,   847.62
   99.02,   348.84,   599.98
   99.03,   348.36,   724.94
   98.28,   348.10,   848.13
   95.86,   474.11,   599.72
   96.75,   474.00,   723.69
   96.65,   473.71,   848.37
  227.31,   226.42,   598.65
  225.88,   225.41,   724.18
  226.39,   225.31,   849.08
  224.33,   351.19,   598.48
  223.24,   351.29,   723.06
  223.79,   351.71,   847.25
  220.66,   476.39,   598.79
  221.18,   476.81,   721.89
  222.20,   476.90,   845.36
  350.70,   229.55,   596.58
  352.22,   230.48,   722.70
  354.06,   230.94,   849.13
  348.26,   354.33,   596.96
  349.60,   355.24,   723.38
  351.66,   355.44,   848.52
  345.48,   479.58,   597.81
  346.70,   479.68,   724.01
  348.89,   479.42,   848.42
  100.36,   349.56,   100.79
   99.59,   350.46,   225.93
  100.47,   350.37,   351.54
  102.84,   475.32,   101.00
  101.77,   476.01,   225.25
  101.09,   475.58,   351.32
  105.15,   600.54,   100.62
  103.86,   600.87,   225.76
  102.62,   600.37,   350.86
  225.72,   348.53,   101.67
  224.62,   348.92,   226.70
  225.21,   348.77,   352.00
  227.57,   474.02,   101.38
  226.33,   474.55,   225.94
  225.71,   474.01,   351.74
  229.64,   598.51,   101.16
  228.74,   598.98,   226.12
  227.19,   599.25,   351.95
  351.84,   348.00,   103.66
  350.71,   348.01,   228.59
  349.28,   347.42,   352.09
  352.99,   472.91,   103.79
  352.08,   472.58,   228.23
  350.56,   472.39,   352.15
  353.99,   598.19,   103.00
  353.28,   597.69,   227.68
  352.36,   598.39,   352.43
   98.09,   349.03,   222.72
  101.34,   348.91,   348.22
  103.10,   348.95,   473.76
  101.00,   474.69,   222.35
  103.04,   474.15,   348.56
  104.50,   473.71,   474.08
  104.78,   599.81,   223.65
  105.73,   598.95,   348.56
  107.05,   598.49,   473.82
  223.24,   346.35,   221.33
  225.39,   346.12,   346.89
  227.99,   346.21,   472.01
  225.63,   472.11,   221.04
  227.58,   471.31,   346.67
  229.41,   470.94,   472.35
  229.26,   596.64,   221.87
  230.43,   596.49,   347.52
  231.83,   596.66,   472.95
  349.32,   344.56,   221.25
  350.03,   343.95,   344.79
  351.10,   343.10,   469.06
  351.66,   469.43,   221.38
  352.52,   468.87,   345.18
  354.07,   468.46,   469.80
  354.02,   594.40,   221.06
  355.46,   594.72,   345.88
  356.63,   594.53,   470.89
   99.40,   350.39,   350.68
  102.29,   347.57,   475.67
  104.41,   344.82,   600.89
   97.89,   474.96,   353.49
  100.56,   472.32,   478.99
  103.65,   469.70,   603.29
   97.18,   600.05,   356.03
   99.59,   596.79,   480.98
  102.41,   594.16,   605.52
  223.73,   350.97,   347.98
  227.42,   347.95,   473.14
  229.82,   344.84,   598.02
  222.41,   475.89,   350.51
  225.39,   472.87,   476.31
  228.36,   470.40,   600.50
  221.77,   601.13,   354.04
  224.27,   598.52,   479.38
  226.94,   595.75,   603.33
  347.96,   351.70,   344.99
  350.67,   348.66,   469.01
  353.40,   345.90,   594.43
  347.12,   476.94,   347.85
  349.92,   474.21,   472.76
  353.03,   471.52,   598.34
  346.69,   602.51,   351.04
  349.52,   599.91,   476.04
  352.36,   596.67,   601.24
  100.38,   350.48,   475.31
  102.35,   351.82,   600.61
  103.27,   353.09,   725.31
   96.71,   475.05,   473.92
   99.21,   477.15,   598.38
  101.39,   478.89,   722.17
   93.87,   599.62,   471.77
   96.11,   601.25,   596.41
   98.60,   603.26,   720.55
  225.66,   352.61,   472.97
  227.38,   353.90,   598.04
  227.82,   355.82,   722.33
  221.74,   477.18,   471.92
  224.01,   479.45,   596.11
  225.77,   481.54,   719.47
  218.37,   602.71,   470.41
  220.48,   604.64,   594.60
  222.90,   605.97,   717.77
  348.80,   354.76,   469.36
  351.31,   356.94,   594.77
  354.04,   359.53,   721.26
  346.10,   480.37,   468.40
  348.79,   482.29,   593.98
  351.40,   483.58,   720.02
  343.55,   606.51,   467.55
  346.11,   607.74,   592.40
  348.77,   608.07,   717.79
  101.50,   351.68,   601.98
   98.97,   348.71,   726.37
   96.39,   346.59,   849.61
  100.47,   476.70,   603.54
   98.86,   474.68,   727.47
   96.58,   472.01,   852.01
   99.59,   600.96,   605.67
   98.16,   598.95,   729.54
   95.98,   596.14,   854.39
  226.68,   351.60,   602.62
  222.94,   349.36,   726.96
  221.72,   347.35,   851.26
  225.34,   477.16,   604.82
  223.42,   475.09,   728.04
  222.22,   472.91,   851.58
  223.95,   602.34,   607.06
  222.90,   599.75,   730.08
  221.57,   597.32,   854.26
  350.41,   352.69,   603.54
  349.76,   350.81,   729.69
  349.32,   348.91,   854.60
  350.22,   477.97,   606.52
  349.08,   475.36,   732.32
  348.87,   473.22,   856.57
  349.25,   603.15,   609.12
  348.55,   599.50,   734.48
  348.10,   597.30,   858.93
  100.47,   473.52,   101.46
   96.92,   475.28,   225.36
   94.55,   475.95,   351.44
  101.23,   598.57,    99.76
   98.02,   600.10,   225.01
   95.01,   600.87,   349.72
  101.21,   723.88,    98.18
   98.73,   725.35,   225.41
   96.07,   725.38,   348.52
  225.19,   472.95,   103.64
  221.42,   474.56,   228.08
  218.95,   475.11,   353.73
  225.97,   597.84,   102.33
  222.97,   599.38,   227.43
  219.57,   600.63,   353.12
  226.68,   722.50,   101.54
  224.93,   723.50,   227.93
  221.17,   726.06,   352.85
  350.46,   472.99,   108.26
  346.98,   473.84,   232.49
  343.85,   474.77,   356.55
  350.56,   598.29,   106.57
  347.58,   598.95,   231.17
  344.44,   600.61,   355.92
  351.00,   723.35,   104.47
  348.27,   723.68,   229.44
  345.50,   726.36,   354.95
   99.25,   474.00,   224.07
  101.63,   473.39,   349.92
  104.50,   473.29,   475.66
  100.82,   598.95,   224.82
  102.74,   598.46,   349.48
  104.89,   598.08,   474.88
  102.17,   724.24,   226.30
  104.52,   722.99,   349.49
  106.51,   722.96,   473.17
  223.68,   472.82,   221.66
  226.14,   472.16,   347.51
  229.18,   472.43,   473.40
  225.76,   597.52,   222.20
  227.58,   597.91,   347.70
  229.54,   597.85,   473.40
  228.14,   721.58,   223.55
  229.50,   723.21,   348.48
  230.97,   723.83,   472.77
  349.59,   471.68,   221.30
  351.48,   471.53,   345.17
  353.79,   471.93,   469.70
  350.24,   596.71,   220.79
  352.54,   597.31,   345.51
  354.93,   597.94,   470.55
  351.52,   721.46,   220.39
  353.74,   722.98,   345.33
  355.64,   723.90,   470.52
   98.10,   476.90,   351.05
   99.86,   475.04,   476.48
  102.10,   473.98,   600.90
   95.77,   601.72,   352.21
   97.40,   599.64,   477.32
   99.26,   598.37,   602.31
   94.15,   726.23,   353.65
   95.44,   724.27,   477.49
   96.33,   722.97,   603.63
  222.67,   479.31,   349.13
  224.92,   477.45,   474.68
  226.98,   476.17,   599.18
  220.42,   604.87,   351.31
  221.76,   603.26,   476.58
  223.65,   601.47,   600.49
  218.94,   730.17,   353.99
  219.57,   728.59,   477.76
  220.38,   726.45,   601.77
  347.55,   482.10,   347.40
  349.39,   480.32,   472.23
  351.38,   478.89,   597.76
  345.16,   608.07,   349.22
  347.19,   606.71,   474.63
  348.89,   604.39,   599.35
  343.43,   733.70,   351.28
  344.39,   732.37,   476.10
  346.35,   729.43,   600.94
  100.42,   476.68,   477.34
  101.27,   476.50,   601.92
  101.79,   476.42,   725.73
   97.70,   601.27,   477.26
   98.79,   600.98,   601.95
   99.19,   600.71,   725.60
   96.00,   725.88,   476.01
   96.05,   725.63,   602.60
   96.24,   724.69,   728.34
  225.46,   478.83,   476.85
  226.18,   478.70,   601.07
  226.26,   478.50,   724.38
  222.42,   604.26,   477.49
  223.22,   603.84,   601.30
  223.86,   603.11,   724.55
  220.40,   729.86,   477.36
  220.27,   728.99,   601.16
  220.27,   727.62,   725.74
  350.01,   481.73,   474.91
  350.92,   481.15,   600.79
  352.14,   480.84,   726.91
  347.50,   607.70,   476.32
  348.31,   606.48,   601.30
  349.73,   604.97,   726.85
  345.29,   733.53,   476.76
  345.68,   731.73,   601.34
  347.26,   729.50,   726.04
   99.26,   474.44,   598.85
  100.27,   472.30,   722.74
  100.10,   469.68,   846.99
   96.52,   599.02,   601.08
   97.56,   596.63,   724.55
   97.86,   593.81,   849.44
   94.09,   723.59,   603.41
   94.69,   720.71,   729.50
   94.93,   717.58,   853.99
  223.97,   476.69,   597.84
  224.33,   474.57,   720.99
  225.60,   472.24,   844.35
  220.96,   602.08,   599.99
  221.90,   599.40,   723.25
  223.44,   596.70,   847.16
  218.14,   726.98,   601.68
  218.88,   723.59,   726.27
  219.95,   720.80,   852.12
  348.56,   479.42,   596.64
  350.22,   476.56,   722.88
  352.63,   474.57,   846.97
  346.41,   604.41,   599.51
  348.01,   600.99,   724.88
  349.66,   598.63,   849.69
  343.71,   729.78,   601.43
  345.36,   725.37,   726.11
  346.76,   723.01,   851.53
  100.44,   599.19,   100.57
   98.42,   601.20,   226.09
   96.49,   601.65,   350.71
   96.35,   724.90,    98.88
   95.25,   726.35,   226.09
   93.97,   726.08,   349.08
   91.85,   849.52,    98.25
   91.66,   850.29,   225.74
   89.90,   851.58,   348.49
  225.05,   602.48,   102.01
  222.98,   603.89,   227.16
  221.16,   605.44,   352.72
  221.70,   727.44,   101.25
  221.30,   728.23,   227.34
  218.55,   730.81,   352.42
  217.06,   853.24,   101.44
  216.78,   854.48,   228.45
  215.21,   855.74,   351.40
  349.51,   606.87,   104.50
  347.74,   607.55,   229.37
  346.32,   609.60,   354.02
  345.99,   731.85,   102.67
  344.68,   732.28,   227.68
  343.16,   735.40,   352.76
  342.97,   855.52,   101.85
  342.16,   856.24,   226.58
  339.64,   859.94,   351.77
   99.28,   601.24,   225.23
   96.43,   603.60,   349.66
   93.90,   606.73,   474.55
  101.05,   726.38,   223.24
   98.89,   728.22,   346.69
   95.96,   731.47,   469.86
  102.42,   850.55,   221.59
   99.92,   853.53,   344.15
   95.57,   857.08,   467.25
  224.16,   599.10,   227.22
  221.14,   602.63,   352.90
  218.44,   605.92,   478.47
  226.85,   723.39,   225.71
  223.43,   728.30,   350.61
  220.13,   731.54,   474.68
  227.56,   849.54,   224.47
  225.22,   853.18,   347.40
  221.60,   856.06,   469.52
  348.63,   598.01,   230.58
  345.95,   601.75,   355.17
  343.70,   605.30,   480.33
  350.42,   722.85,   226.86
  347.96,   727.40,   352.00
  345.04,   731.65,   476.90
  352.77,   846.88,   223.70
  349.59,   852.43,   348.57
  346.49,   856.30,   472.54
   98.06,   599.48,   351.06
   99.88,   602.82,   476.15
  102.17,   606.95,   600.60
   98.75,   724.19,   347.39
  100.65,   727.43,   470.86
  101.77,   731.73,   596.84
   98.32,   849.52,   344.13
   98.82,   853.44,   467.54
   99.14,   857.61,   593.58
  222.65,   599.89,   349.46
  224.56,   603.63,   475.14
  226.90,   607.46,   598.82
  223.66,   725.23,   346.66
  224.73,   729.55,   470.84
  226.07,   732.34,   594.52
  223.91,   850.26,   343.20
  224.73,   854.13,   465.22
  225.97,   856.99,   589.96
  348.01,   600.72,   347.22
  350.01,   604.82,   472.33
  352.15,   608.01,   597.43
  348.26,   726.46,   343.53
  349.87,   730.84,   468.39
  351.79,   732.97,   593.14
  348.24,   850.90,   339.78
  349.49,   855.66,   463.90
  351.52,   858.03,   588.44
  100.02,   597.89,   473.56
   99.42,   595.48,   598.46
   98.42,   592.96,   722.18
   99.17,   722.20,   474.76
   97.79,   720.03,   600.97
   96.31,   716.97,   726.78
   95.87,   848.03,   477.82
   93.97,   845.94,   604.24
   92.59,   843.74,   732.75
  224.76,   600.06,   475.68
  223.97,   597.71,   599.73
  222.77,   594.80,   722.57
  223.37,   725.71,   477.60
  221.69,   722.35,   601.73
  220.52,   719.32,   725.88
  222.09,   850.33,   478.41
  220.02,   846.99,   603.50
  218.53,   844.43,   730.78
  349.96,   602.27,   475.90
  349.01,   599.27,   601.29
  348.81,   595.85,   726.48
  348.44,   728.50,   478.75
  347.32,   724.10,   603.17
  347.23,   720.11,   728.01
  346.78,   853.55,   480.34
  345.60,   849.11,   604.94
  345.22,   844.12,   729.77
  100.76,   598.40,   597.74
  103.72,   597.56,   721.47
  105.98,   595.99,   845.97
  103.94,   723.38,   598.79
  106.11,   721.72,   724.42
  108.30,   720.16,   849.30
  105.31,   849.04,   600.39
  107.68,   848.47,   728.55
  110.77,   847.82,   854.05
  225.21,   595.66,   595.16
  228.52,   594.46,   718.36
  231.30,   593.33,   842.40
  228.03,   720.80,   595.69
  230.98,   718.88,   719.88
  234.03,   717.32,   845.74
  231.50,   845.34,   595.68
  234.10,   844.02,   722.46
  237.90,   844.01,   849.05
  350.76,   592.77,   592.57
  354.05,   590.77,   718.13
  357.63,   589.21,   843.07
  353.68,   717.60,   593.21
  357.61,   714.90,   718.04
  360.74,   713.93,   843.07
  357.31,   842.77,   593.48
  360.79,   839.22,   718.22
  364.01,   838.00,   842.83
  223.91,    98.09,   100.98
  221.75,    94.85,   226.97
  219.71,    93.40,   351.30
  222.04,   222.51,   104.13
  219.73,   219.65,   229.79
  218.83,   218.39,   354.71
  220.46,   348.05,   106.90
  217.80,   345.53,   231.66
  216.07,   342.61,   356.79
  348.89,   100.63,   104.19
  346.55,    97.39,   228.95
  344.00,    94.38,   353.18
  348.01,   226.01,   107.53
  345.34,   222.79,   232.03
  342.01,   219.33,   356.33
  346.70,   350.90,   111.15
  343.45,   347.26,   235.33
  340.45,   343.65,   359.09
  474.02,   103.03,   106.45
  470.83,    99.34,   230.81
  468.22,    94.94,   354.56
  473.16,   228.43,   109.52
  470.49,   224.84,   233.97
  466.15,   220.39,   358.44
  472.05,   352.70,   114.48
  469.28,   349.22,   238.78
  464.78,   345.48,   361.77
  224.16,   100.56,   224.31
  225.32,   101.54,   348.53
  225.66,   101.86,   473.30
  220.58,   225.02,   224.36
  222.51,   226.49,   348.82
  223.31,   226.51,   473.61
  217.29,   350.84,   223.30
  218.42,   350.73,   348.44
  219.51,   350.69,   473.69
  349.26,   104.53,   223.05
  349.22,   104.13,   347.26
  349.37,   104.15,   472.12
  346.38,   230.22,   223.88
  346.11,   229.25,   348.01
  345.94,   228.43,   471.99
  343.15,   354.60,   224.31
  342.74,   353.78,   348.21
  342.91,   353.17,   472.62
  473.84,   108.14,   221.95
  473.52,   106.49,   346.30
  473.35,   106.37,   471.83
  471.63,   233.50,   222.66
  470.22,   232.09,   347.28
  469.37,   231.47,   471.77
  469.02,   357.90,   224.95
  467.22,   357.44,   347.97
  466.55,   357.04,   471.77
  225.44,   101.74,   351.94
  222.71,   103.44,   476.64
  219.50,   103.22,   601.87
  223.82,   226.40,   351.14
  221.95,   228.14,   475.55
  217.81,   227.80,   600.68
  220.96,   350.93,   349.22
  219.33,   352.08,   474.34
  216.26,   353.05,   599.34
  349.40,   103.04,   353.93
  346.75,   104.03,   478.21
  343.33,   105.29,   603.94
  347.44,   228.09,   352.88
  344.36,   228.69,   477.01
  341.21,   230.11,   602.17
  345.15,   352.69,   351.48
  342.64,   353.58,   475.80
  339.93,   355.06,   601.63
  473.65,   104.03,   355.43
  470.54,   105.11,   480.83
  467.65,   107.52,   606.52
  471.45,   229.35,   355.15
  467.91,   230.22,   479.71
  466.02,   232.38,   604.62
  469.84,   354.76,   354.38
  466.17,   355.75,   478.38
  464.41,   357.32,   603.94
  224.32,   101.48,   474.52
  221.74,   103.89,   599.85
  218.37,   106.39,   724.95
  227.92,   225.75,   470.92
  224.57,   228.68,   596.11
  220.09,   231.28,   721.43
  229.94,   349.57,   467.02
  227.27,   353.58,   592.11
  223.38,   357.50,   716.70
  348.03,    97.80,   475.75
  345.53,   101.55,   601.75
  343.27,   105.66,   727.56
  350.41,   222.30,   472.00
  347.94,   226.21,   596.98
  346.60,   230.97,   723.12
  353.32,   346.54,   468.38
  351.20,   350.79,   593.87
  349.61,   355.62,   719.78
  472.22,    94.13,   477.72
  469.87,    99.17,   603.58
  468.32,   104.17,   729.06
  473.93,   219.08,   474.28
  472.82,   223.87,   599.00
  472.59,   229.40,   724.10
  476.76,   344.56,   470.33
  475.91,   348.67,   595.94
  475.88,   352.53,   722.48
  223.89,   100.32,   599.38
  219.08,   100.49,   724.48
  214.03,   101.48,   849.95
  226.06,   224.68,   597.94
  219.99,   225.35,   723.31
  215.73,   227.22,   847.77
  228.41,   349.73,   596.24
  222.49,   351.28,   720.68
  218.83,   353.41,   844.58
  347.47,    98.02,   603.04
  343.90,   100.14,   728.91
  340.27,   101.90,   853.96
  349.43,   222.71,   600.31
  346.34,   225.56,   726.41
  343.55,   227.40,   852.60
  352.17,   347.61,   599.15
  349.13,   350.21,   725.17
  346.19,   351.95,   850.41
  472.05,    96.34,   606.49
  468.54,    99.25,   731.66
  465.00,   101.20,   856.66
  474.01,   220.93,   603.83
  472.39,   224.52,   729.01
  469.17,   226.49,   855.05
  476.63,   346.17,   602.59
  475.38,   347.67,   729.37
  472.24,   349.49,   855.06
  225.20,   224.94,   101.49
  224.67,   221.60,   227.74
  225.69,   219.62,   352.34
  224.62,   350.87,   105.27
  223.66,   347.49,   229.89
  223.92,   343.86,   355.16
  224.14,   476.16,   108.31
  223.16,   472.88,   232.73
  222.43,   468.86,   358.34
  350.99,   228.05,   102.96
  350.47,   224.43,   227.79
  349.37,   220.27,   352.01
  350.43,   352.66,   107.16
  349.71,   348.66,   231.79
  348.16,   344.70,   355.20
  349.47,   477.16,   110.63
  348.77,   473.37,   235.04
  347.76,   469.52,   358.68
  475.96,   229.27,   103.09
  475.46,   225.10,   227.65
  473.21,   220.25,   352.20
  475.95,   353.38,   108.41
  475.33,   349.83,   232.88
  472.88,   345.79,   355.84
  474.82,   477.49,   112.46
  474.19,   473.92,   236.91
  472.81,   470.98,   359.39
  225.95,   224.89,   225.40
  224.78,   228.08,   350.24
  222.91,   230.16,   474.53
  221.65,   350.57,   222.58
  219.99,   352.49,   347.85
  218.48,   354.12,   472.81
  218.32,   476.05,   220.13
  215.80,   477.20,   345.77
  213.65,   478.95,   471.42
  351.58,   230.42,   227.78
  348.22,   231.41,   351.97
  345.57,   232.66,   476.11
  347.80,   355.09,   226.22
  344.55,   355.84,   350.07
  341.74,   357.41,   474.43
  343.85,   479.42,   224.17
  340.92,   481.19,   348.07
  338.27,   482.99,   473.10
  476.82,   234.32,   229.46
  472.21,   234.98,   354.24
  468.83,   236.29,   478.49
  473.44,   359.00,   229.48
  469.10,   360.12,   352.43
  465.54,   361.85,   476.54
  469.46,   482.92,   228.19
  465.98,   485.17,   350.94
  462.73,   487.56,   474.97
  224.52,   225.13,   352.61
  222.85,   222.30,   476.98
  219.12,   218.28,   602.10
  222.28,   349.54,   354.65
  221.03,   346.47,   479.94
  217.79,   343.37,   604.91
  220.34,   474.23,   357.38
  218.61,   471.36,   483.30
  216.26,   468.83,   607.41
  348.08,   226.01,   353.96
  345.24,   222.62,   478.09
  342.73,   219.94,   603.26
  346.30,   350.65,   356.80
  344.20,   347.24,   481.27
  342.08,   344.74,   606.60
  345.30,   475.54,   359.93
  342.85,   472.84,   484.82
  341.01,   470.26,   610.38
  471.98,   226.99,   356.02
  469.05,   223.84,   480.71
  467.54,   221.63,   605.47
  471.24,   352.25,   359.14
  467.81,   349.14,   483.34
  466.38,   346.67,   609.02
  470.28,   477.75,   362.14
  467.19,   474.97,   486.54
  465.54,   471.53,   613.00
  226.56,   224.33,   473.71
  225.38,   225.18,   598.86
  223.55,   226.57,   724.53
  222.12,   348.07,   472.05
  222.17,   350.28,   597.00
  220.48,   352.09,   721.34
  217.61,   472.89,   470.35
  218.20,   475.54,   594.96
  218.03,   478.00,   717.79
  348.79,   226.90,   472.32
  349.23,   228.99,   597.30
  349.88,   232.11,   723.48
  345.56,   351.42,   470.37
  345.94,   353.73,   595.87
  346.64,   356.53,   722.12
  341.99,   476.83,   468.71
  342.75,   479.21,   594.64
  343.40,   480.97,   720.16
  472.27,   230.03,   471.80
  473.49,   232.72,   596.76
  475.93,   236.74,   722.05
  469.10,   355.53,   469.53
  470.29,   357.79,   595.29
  472.90,   359.91,   722.37
  466.79,   481.07,   467.99
  467.44,   482.89,   593.90
  469.53,   483.55,   721.67
  224.13,   225.24,   600.08
  218.92,   224.67,   725.66
  215.33,   225.21,   850.15
  221.24,   350.49,   599.49
  215.82,   350.78,   723.93
  212.64,   351.39,   848.02
  217.50,   475.66,   599.26
  213.37,   476.45,   722.11
  210.30,   476.75,   845.83
  347.84,   228.89,   601.85
  345.39,   230.31,   728.33
  343.08,   230.74,   854.60
  345.12,   354.05,   602.34
  342.32,   355.05,   728.45
  339.98,   355.51,   853.26
  341.84,   479.34,   602.57
  339.26,   479.41,   728.33
  337.25,   479.89,   852.05
  472.65,   232.85,   604.59
  471.18,   235.00,   730.18
  468.59,   235.42,   856.21
  469.59,   357.61,   605.25
  468.71,   357.87,   732.09
  466.19,   358.34,   857.70
  466.90,   482.45,   605.51
  465.46,   481.55,   733.25
  462.84,   481.69,   858.52
  223.58,   348.28,   101.44
  223.85,   345.73,   226.31
  225.92,   342.83,   351.51
  222.13,   473.97,   103.76
  222.43,   471.24,   228.54
  223.39,   467.68,   354.30
  221.30,   598.74,   106.60
  221.51,   595.90,   231.73
  221.94,   593.38,   357.75
  349.41,   351.09,   101.71
  349.78,   348.27,   226.45
  350.15,   344.51,   350.11
  347.57,   475.86,   104.98
  347.92,   472.84,   229.24
  348.58,   469.70,   353.07
  345.60,   601.06,   107.22
  346.51,   597.62,   231.99
  347.23,   595.16,   356.44
  474.67,   353.28,   101.63
  475.41,   350.02,   226.44
  474.76,   346.42,   349.57
  472.72,   477.48,   104.91
  473.58,   474.20,   229.93
  473.81,   471.59,   352.50
  470.58,   602.46,   106.84
  471.34,   598.92,   231.77
  472.42,   597.31,   355.74
  223.50,   349.94,   226.55
  223.92,   349.24,   351.88
  224.59,   348.34,   476.99
  226.98,   475.68,   226.69
  226.85,   474.14,   352.51
  227.17,   472.91,   478.24
  231.69,   600.46,   228.06
  230.56,   599.69,   353.94
  230.17,   598.53,   479.44
  349.33,   347.01,   228.03
  348.37,   345.76,   351.80
  347.54,   344.28,   476.12
  352.88,   471.91,   228.90
  351.91,   470.66,   352.63
  351.62,   469.72,   477.52
  356.39,   596.59,   229.50
  355.56,   596.49,   354.22
  355.13,   595.79,   479.12
  475.07,   343.76,   229.24
  472.72,   342.29,   352.30
  471.30,   341.22,   476.29
  478.61,   467.83,   230.71
  477.02,   467.76,   353.33
  475.69,   467.20,   477.59
  481.26,   592.70,   231.06
  480.75,   592.97,   354.56
  480.44,   592.83,   479.01
  226.78,   350.86,   350.69
  226.39,   352.16,   475.86
  224.75,   353.00,   600.84
  227.51,   475.99,   349.17
  226.71,   477.08,   475.05
  225.78,   478.41,   599.70
  229.52,   601.29,   348.89
  228.08,   602.52,   474.24
  226.38,   603.94,   598.27
  351.38,   349.40,   351.89
  349.67,   350.12,   476.22
  348.61,   351.80,   601.48
  352.85,   474.73,   350.75
  351.55,   475.69,   475.63
  350.11,   476.95,   601.13
  354.63,   600.40,   350.07
  353.03,   601.78,   475.13
  351.83,   602.24,   600.14
  475.69,   348.26,   353.30
  473.61,   349.38,   477.12
  473.25,   350.75,   602.99
  477.78,   473.63,   352.30
  475.94,   475.17,   476.28
  475.29,   475.85,   602.81
  479.75,   599.01,   351.33
  478.40,   600.93,   475.82
  477.06,   600.65,   601.99
  225.77,   348.15,   473.96
  222.54,   350.42,   598.86
  217.19,   352.65,   723.17
  223.90,   473.20,   472.01
  221.13,   475.46,   596.52
  217.70,   478.08,   719.55
  222.79,   598.91,   470.15
  220.03,   600.87,   594.22
  216.77,   602.92,   717.07
  348.84,   348.54,   475.57
  346.34,   351.37,   601.24
  343.59,   354.27,   727.44
  348.49,   474.27,   474.00
  345.68,   476.54,   599.96
  343.25,   478.75,   725.56
  348.14,   600.28,   472.74
  345.18,   601.85,   597.84
  342.56,   602.87,   722.96
  472.88,   350.09,   478.45
  470.67,   352.63,   604.34
  469.87,   354.52,   731.18
  472.86,   475.76,   476.40
  470.76,   477.40,   602.76
  469.14,   478.43,   730.40
  473.09,   601.24,   474.81
  470.55,   602.47,   601.21
  468.21,   603.24,   728.26
  227.21,   349.54,   602.02
  226.73,   346.18,   726.62
  228.10,   342.78,   850.88
  224.77,   474.76,   605.35
  225.70,   471.65,   728.72
  227.36,   468.50,   852.15
  222.43,   599.88,   608.90
  223.83,   596.21,   731.77
  225.38,   592.68,   856.06
  351.12,   351.49,   600.11
  353.09,   349.17,   726.38
  355.64,   345.91,   851.50
  349.38,   476.84,   604.45
  351.34,   473.27,   730.15
  353.89,   470.01,   854.37
  347.75,   601.84,   607.81
  349.60,   597.59,   733.51
  351.65,   594.19,   858.00
  475.71,   353.93,   598.71
  479.22,   350.55,   725.41
  481.56,   347.17,   851.06
  474.25,   479.11,   602.83
  477.50,   474.45,   730.74
  479.86,   470.44,   855.97
  472.72,   603.65,   606.82
  475.21,   599.04,   734.15
  477.15,   595.31,   859.43
  226.90,   473.55,    98.27
  225.56,   477.54,   222.77
  224.89,   479.94,   348.61
  230.66,   598.47,    95.15
  229.55,   601.75,   220.16
  228.38,   605.46,   345.84
  233.32,   723.13,    92.09
  233.80,   726.14,   218.34
  232.45,   731.06,   343.53
  351.95,   471.06,   100.95
  351.04,   474.34,   225.26
  350.00,   477.42,   349.13
  354.68,   596.25,    97.21
  353.88,   599.14,   221.60
  353.26,   602.88,   346.40
  357.69,   721.50,    92.95
  357.48,   724.01,   218.12
  356.68,   728.71,   342.86
  477.29,   468.20,   102.63
  476.84,   471.05,   227.66
  474.92,   474.75,   350.11
  480.06,   592.92,    98.32
  479.08,   595.62,   223.27
  478.31,   600.15,   347.01
  482.26,   718.80,    93.94
  481.50,   721.12,   218.31
  481.35,   725.40,   342.84
  222.79,   477.06,   224.43
  219.22,   476.96,   349.85
  216.17,   477.46,   475.77
  221.00,   601.70,   224.00
  216.73,   602.57,   349.77
  213.02,   603.02,   475.33
  219.72,   725.75,   225.10
  215.11,   727.79,   350.18
  210.77,   728.70,   474.00
  348.10,   479.29,   229.69
  344.29,   479.86,   353.41
  340.78,   480.55,   478.43
  345.56,   604.66,   228.60
  341.53,   605.89,   353.39
  338.17,   606.70,   478.32
  343.22,   729.18,   227.75
  339.48,   731.31,   352.68
  335.34,   732.81,   477.67
  473.86,   481.97,   234.52
  469.20,   483.25,   357.00
  465.00,   484.14,   481.17
  470.17,   606.77,   232.72
  466.61,   608.90,   356.36
  463.22,   609.70,   480.92
  467.13,   732.55,   230.38
  464.32,   734.33,   355.21
  460.83,   735.06,   480.20
  226.21,   475.20,   348.07
  230.51,   478.19,   473.86
  234.42,   481.46,   598.39
  223.24,   600.76,   345.99
  226.64,   603.56,   471.43
  230.52,   606.95,   595.42
  220.98,   725.86,   344.19
  223.87,   729.44,   468.07
  226.75,   731.72,   591.99
  351.23,   478.73,   344.50
  354.86,   482.01,   469.02
  358.96,   484.96,   594.52
  347.97,   604.32,   342.07
  351.79,   607.84,   466.89
  355.87,   610.34,   592.00
  345.17,   730.20,   339.24
  348.40,   733.74,   464.05
  351.99,   735.51,   588.65
  476.31,   482.64,   340.72
  479.60,   486.30,   464.46
  483.75,   488.44,   590.93
  473.25,   608.19,   337.95
  476.72,   611.81,   462.12
  481.01,   613.52,   588.22
  469.64,   733.24,   334.75
  474.19,   736.79,   459.18
  477.40,   738.42,   585.12
  224.97,   476.51,   476.08
  223.79,   475.70,   600.89
  221.72,   475.02,   723.73
  226.55,   602.26,   477.77
  225.37,   600.98,   601.83
  224.29,   599.60,   724.63
  229.13,   728.01,   478.54
  227.23,   725.82,   602.12
  225.52,   724.17,   726.73
  349.20,   474.68,   476.60
  348.26,   473.42,   602.26
  347.46,   472.49,   727.91
  351.66,   600.69,   478.46
  350.70,   598.64,   603.39
  350.17,   596.49,   728.93
  354.10,   726.61,   479.46
  352.94,   723.88,   604.30
  352.10,   720.98,   729.09
  473.93,   473.12,   477.09
  473.11,   471.55,   603.48
  473.55,   469.02,   731.37
  477.12,   598.70,   478.81
  475.94,   596.39,   605.02
  475.46,   593.79,   732.51
  479.75,   723.95,   479.86
  478.13,   721.40,   606.04
  477.16,   718.98,   731.70
  225.02,   476.67,   600.55
  226.50,   479.74,   723.35
  228.89,   482.19,   847.14
  224.69,   602.17,   597.95
  226.74,   604.33,   721.11
  228.93,   606.62,   845.11
  224.18,   727.11,   594.85
  226.17,   728.62,   719.32
  228.38,   730.90,   845.11
  349.69,   476.88,   598.53
  352.24,   479.11,   724.20
  355.47,   481.46,   848.78
  349.95,   602.16,   596.30
  352.41,   603.62,   721.53
  355.30,   605.93,   846.75
  350.11,   727.22,   593.33
  352.62,   728.01,   717.97
  355.31,   730.28,   843.10
  474.48,   476.82,   596.20
  478.39,   477.93,   723.93
  481.29,   479.49,   849.75
  475.19,   601.51,   594.06
  478.21,   602.54,   721.50
  480.61,   604.71,   847.06
  475.16,   726.56,   591.33
  477.44,   727.80,   716.99
  479.79,   729.94,   841.47
  223.64,   601.41,    98.61
  223.80,   599.86,   223.71
  224.12,   597.78,   349.47
  224.59,   726.63,   101.42
  226.12,   724.14,   227.47
  226.00,   723.38,   352.49
  224.42,   852.39,   104.97
  226.33,   850.38,   232.01
  226.91,   848.45,   354.88
  347.84,   601.97,    99.26
  348.47,   599.15,   223.80
  349.02,   597.51,   348.65
  348.90,   726.65,   100.40
  349.76,   724.10,   225.85
  350.28,   723.60,   350.87
  350.31,   850.59,   103.19
  351.73,   847.91,   227.95
  351.43,   848.27,   352.94
  473.23,   600.72,    98.85
  473.85,   597.78,   224.05
  474.20,   597.37,   348.03
  473.05,   726.38,   100.09
  473.76,   723.57,   224.52
  475.23,   722.58,   349.17
  473.88,   850.42,   101.72
  474.86,   847.83,   225.98
  476.08,   847.17,   351.17
  226.19,   599.48,   224.10
  226.30,   596.07,   349.87
  227.04,   592.78,   475.37
  228.11,   724.15,   229.46
  228.06,   721.89,   354.46
  227.66,   718.24,   478.81
  228.13,   849.84,   235.11
  228.88,   846.74,   358.10
  228.42,   842.82,   480.42
  350.75,   599.34,   224.48
  351.57,   596.34,   348.82
  352.09,   593.04,   474.21
  351.68,   724.23,   227.55
  352.26,   722.02,   352.82
  352.96,   718.78,   477.88
  353.18,   848.05,   231.11
  353.18,   846.72,   356.10
  353.36,   844.05,   480.33
  475.77,   598.23,   224.55
  476.58,   595.96,   348.12
  477.43,   592.93,   472.57
  475.71,   724.03,   226.20
  477.23,   721.30,   350.95
  478.43,   718.05,   475.94
  476.63,   848.07,   229.30
  477.86,   846.03,   354.48
  478.83,   842.72,   479.48
  224.59,   598.10,   350.69
  227.43,   601.97,   476.25
  230.32,   605.65,   600.03
  222.49,   723.54,   347.90
  224.31,   727.68,   472.19
  226.29,   730.55,   595.71
  219.49,   848.53,   344.73
  221.08,   851.89,   466.73
  223.25,   855.19,   591.27
  349.54,   602.00,   347.73
  352.47,   606.23,   472.58
  355.50,   609.18,   597.54
  346.86,   727.60,   344.29
  349.46,   731.94,   469.18
  352.11,   734.26,   593.58
  343.79,   852.05,   340.48
  345.97,   857.08,   464.33
  348.85,   858.96,   588.93
  474.74,   605.41,   344.62
  477.55,   609.59,   468.58
  480.77,   612.37,   594.70
  471.33,   730.70,   340.19
  474.94,   734.81,   465.11
  477.49,   737.11,   590.72
  468.04,   854.91,   336.38
  470.96,   859.62,   461.47
  473.76,   861.88,   586.56
  225.12,   601.02,   477.41
  221.75,   600.90,   601.38
  217.95,   600.27,   724.38
  222.43,   726.98,   477.26
  218.07,   725.62,   600.89
  213.78,   724.74,   725.40
  219.13,   851.26,   476.02
  214.61,   850.09,   600.64
  210.23,   850.48,   728.08
  350.45,   605.34,   480.35
  347.10,   604.11,   605.56
  344.11,   602.77,   730.76
  347.32,   731.19,   480.66
  343.42,   729.33,   605.29
  340.78,   727.17,   729.96
  344.02,   856.08,   479.95
  340.13,   853.74,   604.66
  337.38,   851.35,   729.68
  475.56,   608.79,   483.21
  472.41,   607.02,   609.31
  469.66,   605.36,   736.63
  472.80,   733.93,   483.30
  468.90,   732.11,   609.25
  465.79,   730.56,   734.52
  469.05,   858.83,   483.93
  465.40,   856.69,   609.05
  462.05,   853.93,   733.07
  223.93,   601.33,   598.95
  221.10,   599.01,   722.14
  218.61,   597.00,   846.12
  225.57,   725.89,   600.03
  222.22,   723.55,   724.67
  219.85,   721.16,   850.39
  227.68,   850.71,   601.56
  224.14,   848.74,   728.69
  222.38,   848.03,   854.84
  349.17,   599.07,   602.20
  347.10,   596.28,   727.45
  344.60,   594.34,   852.13
  351.32,   724.11,   603.92
  349.02,   720.83,   728.47
  346.39,   718.97,   853.49
  353.46,   848.68,   604.88
  351.32,   844.82,   729.49
  348.71,   843.31,   854.94
  474.55,   596.56,   605.31
  472.70,   593.23,   732.59
  470.37,   591.37,   857.81
  476.61,   721.43,   606.88
  473.82,   718.51,   732.55
  471.37,   716.45,   856.94
  478.28,   846.51,   608.07
  475.50,   842.42,   732.20
  472.83,   840.35,   856.54
  349.75,   100.40,    99.16
  350.90,    97.52,   223.84
  352.37,    95.16,   348.24
  353.38,   225.58,   101.75
  354.55,   223.18,   226.35
  355.13,   220.36,   350.81
  356.73,   350.49,   104.66
  357.40,   347.63,   229.06
  357.90,   344.59,   352.77
  474.64,    98.02,    97.73
  475.73,    95.09,   221.92
  476.47,    91.53,   345.85
  478.29,   223.57,   100.01
  479.79,   220.62,   224.38
  479.00,   216.73,   349.18
  481.65,   347.70,   104.07
  483.09,   344.83,   228.73
  482.57,   342.22,   351.66
  599.46,    93.87,    95.87
  600.38,    91.02,   221.07
  602.07,    88.04,   345.73
  602.62,   219.13,    97.55
  604.16,   216.52,   222.34
  605.48,   213.46,   348.69
  606.42,   343.22,   101.54
  607.59,   341.15,   226.57
  607.85,   340.19,   351.19
  349.12,   100.92,   225.00
  347.87,   101.79,   349.28
  346.01,   103.05,   473.99
  351.93,   226.43,   224.51
  350.00,   226.64,   348.68
  348.10,   227.59,   472.57
  354.21,   350.82,   223.50
  351.92,   351.14,   347.49
  350.25,   351.97,   471.79
  473.71,    98.79,   225.96
  472.11,    98.62,   349.90
  470.29,    99.62,   475.41
  477.05,   224.28,   225.21
  473.89,   223.86,   349.75
  471.43,   224.64,   474.28
  480.02,   348.57,   225.75
  476.82,   349.23,   348.94
  474.18,   350.44,   472.85
  598.48,    95.48,   227.78
  597.45,    95.74,   352.62
  596.32,    97.33,   477.96
  601.78,   220.85,   225.49
  600.04,   221.47,   352.20
  598.24,   222.98,   477.57
  604.75,   345.50,   226.77
  602.12,   347.77,   351.10
  600.29,   349.34,   475.79
  349.27,   102.28,   350.15
  350.04,   105.89,   474.96
  350.26,   109.69,   600.56
  350.85,   226.91,   346.75
  351.37,   230.42,   470.98
  352.28,   234.37,   595.83
  352.51,   351.77,   343.04
  353.24,   354.98,   467.11
  354.54,   359.15,   592.50
  473.69,    99.48,   348.44
  474.21,   103.05,   473.88
  475.05,   107.88,   599.48
  474.97,   224.92,   345.51
  474.87,   228.32,   470.31
  476.57,   232.87,   594.71
  477.26,   350.01,   342.41
  477.35,   353.59,   465.88
  478.80,   357.66,   591.84
  599.29,    97.08,   348.70
  600.38,   101.36,   474.20
  600.76,   106.62,   599.22
  601.24,   222.97,   345.58
  602.13,   226.74,   471.17
  602.75,   231.43,   595.51
  602.96,   349.16,   341.73
  603.48,   353.32,   466.44
  604.95,   355.81,   592.04
  352.19,    98.03,   475.50
  351.73,   101.31,   601.36
  351.73,   104.56,   727.13
  349.31,   223.03,   472.49
  349.29,   226.00,   597.42
  349.93,   229.57,   723.68
  346.64,   347.23,   469.94
  347.28,   350.79,   595.05
  347.87,   354.36,   721.50
  475.93,    99.79,   474.76
  476.27,   103.90,   600.67
  477.04,   108.36,   725.98
  472.52,   224.68,   472.13
  473.95,   228.51,   596.99
  476.15,   233.10,   722.25
  470.45,   350.17,   468.99
  471.74,   353.24,   594.96
  474.16,   356.26,   721.44
  602.30,   102.09,   475.87
  602.05,   106.49,   600.85
  601.79,   110.88,   725.48
  599.54,   227.72,   473.53
  599.79,   231.39,   597.98
  600.21,   234.45,   721.53
  596.57,   354.27,   469.87
  597.79,   355.76,   595.18
  599.66,   356.88,   720.91
  351.44,   101.76,   599.56
  354.48,    99.98,   725.95
  357.81,    97.97,   850.87
  348.84,   226.46,   600.97
  352.91,   225.20,   727.23
  356.58,   223.16,   853.55
  347.24,   351.29,   603.82
  350.72,   349.86,   730.09
  355.02,   347.84,   854.93
  475.94,   104.26,   596.26
  479.52,   103.65,   721.76
  482.56,   101.84,   846.68
  473.48,   229.00,   597.51
  478.59,   228.61,   722.79
  482.28,   226.97,   848.63
  471.63,   353.87,   600.57
  476.93,   351.99,   727.24
  481.02,   349.57,   852.81
  601.82,   106.71,   593.51
  604.15,   106.05,   718.08
  606.99,   104.43,   842.47
  599.58,   231.64,   595.75
  602.89,   229.99,   719.31
  606.09,   227.94,   843.51
  597.17,   356.12,   598.15
  602.06,   352.18,   723.47
  605.63,   349.73,   848.34
  351.44,   226.06,   101.73
  349.55,   228.53,   226.37
  347.36,   231.01,   350.90
  353.28,   350.53,    99.46
  351.27,   353.17,   224.21
  348.52,   355.28,   347.74
  354.50,   475.46,    96.92
  352.81,   477.91,   221.16
  350.44,   480.50,   345.10
  476.57,   225.47,   103.33
  474.90,   227.32,   227.26
  471.57,   229.09,   352.09
  478.49,   349.26,   101.59
  476.77,   352.04,   226.59
  473.32,   354.24,   349.52
  479.97,   473.64,    99.44
  478.35,   476.04,   224.34
  475.62,   479.44,   347.01
  600.75,   222.26,   103.26
  599.72,   224.94,   228.42
  597.48,   227.47,   354.58
  602.98,   346.83,   102.54
  601.61,   349.39,   227.72
  599.01,   353.84,   351.84
  605.35,   471.49,   100.23
  603.31,   473.99,   226.22
  600.35,   478.64,   349.04
  349.74,   226.99,   223.91
  352.18,   226.22,   348.08
  354.95,   225.49,   472.43
  348.55,   351.44,   224.57
  350.61,   350.76,   348.30
  353.82,   349.94,   472.72
  347.31,   476.24,   224.51
  349.74,   475.81,   348.46
  352.64,   475.72,   473.44
  475.19,   228.48,   220.35
  476.49,   227.05,   344.66
  478.56,   226.34,   469.58
  474.29,   352.78,   222.41
  475.49,   352.13,   345.47
  477.74,   351.88,   469.11
  472.87,   477.01,   223.33
  474.94,   477.34,   345.90
  477.11,   477.70,   469.83
  599.90,   228.43,   216.19
  602.44,   228.28,   342.51
  605.51,   228.26,   468.29
  599.11,   353.12,   218.78
  600.84,   354.55,   342.69
  603.76,   354.53,   467.62
  597.93,   478.03,   219.94
  599.65,   479.15,   343.32
  602.13,   480.08,   466.95
  347.95,   225.51,   349.08
  349.78,   228.53,   473.07
  352.15,   231.68,   598.29
  348.03,   350.06,   345.86
  350.39,   352.88,   469.90
  353.05,   356.55,   595.49
  348.70,   475.03,   342.74
  351.40,   478.31,   467.35
  353.95,   481.67,   593.11
  471.89,   224.77,   346.31
  473.42,   227.33,   470.92
  476.55,   231.36,   595.46
  472.86,   350.01,   343.46
  474.16,   352.85,   467.34
  477.52,   356.36,   592.75
  473.82,   474.89,   340.53
  475.56,   478.57,   464.56
  478.78,   481.45,   590.35
  598.16,   223.97,   344.35
  600.50,   227.43,   469.95
  602.98,   231.30,   594.60
  598.24,   350.30,   341.45
  600.38,   353.72,   466.12
  603.29,   355.84,   591.60
  599.09,   474.84,   338.60
  600.74,   479.27,   462.21
  604.02,   480.60,   588.38
  348.03,   223.77,   473.31
  350.28,   223.56,   598.33
  353.34,   223.85,   724.42
  346.38,   348.20,   473.80
  349.24,   348.18,   599.04
  352.44,   348.48,   725.30
  345.20,   473.71,   474.80
  347.78,   473.70,   600.48
  350.95,   473.04,   726.33
  471.28,   225.14,   470.53
  474.83,   225.17,   595.50
  479.09,   226.46,   720.60
  470.23,   350.46,   470.79
  473.53,   350.36,   596.35
  478.48,   349.84,   723.31
  469.43,   476.43,   471.47
  472.68,   475.20,   597.86
  476.82,   473.45,   725.50
  598.32,   227.16,   469.86
  600.89,   227.22,   594.29
  603.49,   227.08,   717.49
  595.89,   353.40,   469.32
  599.58,   352.02,   594.82
  603.72,   349.60,   720.20
  594.54,   478.98,   469.03
  598.22,   476.65,   595.37
  602.01,   473.34,   722.85
  348.34,   226.94,   601.04
  348.93,   224.11,   727.10
  349.74,   220.67,   853.55
  345.20,   351.59,   605.05
  346.15,   348.89,   731.41
  346.81,   345.31,   856.38
  342.18,   476.98,   609.71
  342.62,   473.21,   735.44
  343.96,   469.82,   859.30
  472.90,   230.81,   600.50
  474.97,   228.68,   725.94
  475.09,   225.64,   852.18
  470.09,   355.44,   604.94
  472.34,   352.02,   731.66
  472.72,   348.32,   857.48
  467.16,   480.46,   609.54
  468.90,   475.51,   737.11
  469.54,   471.63,   862.27
  599.15,   234.29,   602.13
  599.06,   231.08,   725.41
  599.28,   228.21,   850.01
  595.83,   359.07,   605.99
  597.57,   353.38,   731.33
  597.52,   350.08,   856.06
  592.54,   483.45,   609.94
  594.06,   477.11,   737.14
  593.63,   473.24,   862.25
  350.17,   349.45,   101.65
  353.19,   349.79,   226.39
  355.76,   349.24,   349.96
  348.68,   474.38,   101.68
  352.00,   474.25,   226.14
  354.78,   474.61,   349.80
  347.47,   599.34,   100.75
  350.85,   599.37,   225.39
  354.23,   600.17,   349.88
  475.23,   350.96,    98.85
  478.94,   350.86,   223.59
  480.53,   350.89,   346.60
  473.97,   475.19,    98.85
  477.62,   475.13,   223.85
  479.98,   476.09,   346.77
  472.46,   600.16,    97.38
  476.10,   599.76,   222.55
  479.13,   601.43,   346.53
  599.89,   350.77,    94.23
  603.71,   351.07,   219.71
  606.25,   353.03,   343.78
  599.15,   475.81,    94.48
  602.69,   475.77,   220.47
  604.83,   477.79,   343.71
  598.11,   600.43,    93.63
  601.27,   600.76,   219.43
  604.45,   602.22,   343.04
  348.84,   348.94,   225.65
  345.65,   349.87,   349.26
  343.15,   350.74,   473.84
  345.42,   473.74,   223.92
  342.34,   474.71,   348.08
  340.15,   476.08,   472.99
  342.37,   598.66,   222.22
  339.78,   600.44,   346.88
  337.40,   602.32,   472.19
  474.37,   352.59,   228.74
  470.16,   353.40,   351.53
  467.08,   354.47,   475.58
  470.94,   476.64,   227.83
  467.78,   478.33,   350.52
  464.62,   480.30,   474.56
  467.40,   601.25,   225.43
  464.86,   603.88,   349.13
  462.49,   605.72,   473.55
  599.00,   354.66,   230.44
  595.75,   357.31,   354.27
  593.00,   359.14,   478.97
  596.36,   479.23,   230.34
  592.64,   482.27,   352.88
  589.64,   484.46,   477.05
  592.41,   604.30,   227.74
  590.01,   606.73,   351.61
  587.48,   608.68,   475.58
  348.91,   348.15,   347.79
  350.56,   347.92,   472.29
  352.61,   348.48,   597.56
  350.84,   473.19,   348.00
  352.76,   473.35,   472.61
  354.58,   473.70,   598.43
  353.13,   599.10,   348.15
  354.47,   599.48,   473.18
  356.78,   599.12,   598.50
  473.73,   346.99,   346.25
  474.30,   346.81,   469.96
  477.10,   347.01,   595.60
  475.84,   471.94,   346.52
  477.04,   472.64,   470.37
  479.59,   472.20,   596.43
  477.85,   597.65,   346.54
  479.97,   598.29,   470.52
  481.99,   596.92,   596.77
  599.20,   345.74,   345.02
  600.31,   346.27,   469.81
  602.80,   345.33,   594.87
  600.74,   470.89,   344.92
  602.00,   471.78,   468.96
  604.75,   469.99,   594.79
  603.14,   595.27,   344.55
  604.56,   596.04,   468.58
  606.79,   594.78,   594.57
  348.97,   348.26,   475.01
  352.20,   346.93,   600.61
  356.15,   346.36,   726.66
  351.86,   473.67,   477.04
  355.50,   472.10,   602.98
  359.04,   470.71,   728.92
  354.89,   599.82,   479.45
  358.27,   597.52,   604.30
  362.04,   594.85,   730.18
  472.58,   345.97,   471.76
  476.68,   344.54,   597.08
  481.88,   343.21,   723.76
  476.24,   471.66,   473.36
  480.28,   469.80,   599.54
  485.03,   466.68,   727.35
  480.18,   597.34,   475.23
  483.44,   594.40,   601.65
  487.33,   591.31,   728.88
  598.66,   344.66,   470.01
  602.37,   342.00,   594.94
  607.10,   338.76,   720.03
  601.46,   470.04,   470.55
  605.46,   466.48,   596.38
  610.10,   462.14,   723.80
  604.85,   594.50,   471.69
  608.13,   591.70,   597.87
  611.00,   587.97,   725.53
  350.89,   350.22,   598.29
  354.61,   352.64,   724.63
  359.02,   354.67,   849.91
  349.33,   475.48,   597.23
  353.08,   476.97,   723.32
  357.67,   478.88,   847.84
  347.67,   600.87,   596.00
  351.55,   601.35,   721.19
  355.69,   603.04,   846.33
  475.30,   352.35,   594.91
  480.71,   354.00,   721.63
  484.95,   355.78,   847.59
  474.07,   477.37,   593.86
  479.24,   477.89,   721.84
  483.51,   479.04,   847.54
  473.07,   602.31,   592.45
  477.31,   602.45,   719.77
  480.85,   603.84,   845.54
  601.28,   353.87,   592.30
  605.87,   353.88,   717.66
  609.37,   355.34,   842.84
  599.73,   478.60,   590.65
  604.28,   477.81,   717.99
  607.24,   478.89,   843.81
  597.66,   603.64,   588.75
  600.81,   603.74,   716.40
  603.20,   604.83,   842.78
  352.25,   475.96,   102.98
  354.50,   477.89,   227.70
  356.83,   479.89,   351.45
  351.72,   601.09,   100.06
  354.76,   602.90,   225.03
  357.27,   605.81,   349.65
  351.76,   726.32,    97.04
  355.11,   727.82,   222.25
  357.54,   731.65,   347.09
  477.16,   475.78,   101.24
  480.02,   477.54,   226.38
  482.08,   480.62,   349.03
  477.04,   600.80,    97.81
  479.58,   602.37,   222.86
  482.06,   605.93,   346.48
  476.18,   726.40,    94.58
  479.13,   727.94,   219.00
  482.46,   731.33,   343.62
  602.55,   475.12,    97.48
  605.50,   476.84,   223.41
  606.80,   481.13,   346.30
  602.32,   599.61,    94.63
  604.98,   601.84,   220.10
  607.50,   605.56,   343.94
  601.64,   725.10,    92.22
  604.06,   726.41,   216.22
  607.97,   729.87,   340.70
  348.81,   473.55,   224.89
  350.28,   474.74,   348.68
  351.99,   476.27,   473.27
  346.04,   598.52,   222.95
  348.10,   600.48,   347.58
  349.99,   602.31,   472.69
  344.09,   723.47,   221.22
  346.12,   726.07,   346.36
  347.50,   728.15,   471.51
  474.21,   475.69,   224.03
  475.42,   477.86,   346.75
  476.72,   479.49,   470.97
  471.12,   600.51,   222.07
  472.96,   603.27,   345.49
  475.23,   605.02,   470.12
  467.95,   726.24,   218.96
  470.69,   728.40,   343.54
  473.04,   730.43,   468.49
  599.55,   477.62,   222.02
  600.22,   480.66,   345.09
  601.56,   483.10,   468.88
  596.60,   602.69,   220.06
  598.22,   605.10,   343.31
  599.94,   607.55,   467.32
  592.83,   727.32,   216.74
  596.14,   729.65,   341.24
  598.80,   731.11,   466.21
  347.69,   473.84,   350.23
  349.06,   472.15,   474.92
  350.53,   470.27,   600.75
  350.92,   599.52,   352.53
  351.81,   598.15,   477.46
  353.20,   595.69,   602.82
  354.02,   725.32,   354.44
  354.86,   723.99,   479.50
  355.94,   720.62,   604.49
  472.85,   471.56,   349.36
  473.17,   470.29,   473.28
  475.16,   467.58,   599.36
  475.76,   597.29,   351.23
  476.87,   595.52,   475.45
  478.34,   592.65,   601.74
  478.69,   722.60,   352.45
  480.33,   720.66,   477.24
  480.98,   717.51,   603.40
  597.76,   469.66,   348.42
  598.30,   468.31,   472.36
  600.50,   464.57,   598.44
  601.03,   594.27,   349.98
  601.69,   592.89,   473.85
  603.09,   589.77,   600.28
  604.15,   718.36,   351.27
  605.84,   716.60,   475.87
  605.31,   714.64,   601.77
  351.13,   473.83,   473.00
  350.63,   477.74,   598.39
  350.13,   480.90,   724.32
  353.04,   599.61,   469.81
  352.14,   602.93,   594.94
  351.70,   605.64,   720.35
  354.58,   725.55,   466.22
  353.85,   727.94,   591.11
  353.58,   729.96,   715.77
  475.31,   472.88,   473.26
  475.36,   475.96,   599.37
  476.38,   478.30,   727.05
  478.08,   598.55,   469.97
  477.54,   601.23,   595.99
  477.42,   603.25,   723.08
  480.21,   723.78,   466.18
  479.28,   726.08,   591.94
  478.44,   728.43,   717.62
  600.48,   472.62,   473.98
  600.88,   474.22,   600.19
  601.37,   475.09,   727.82
  603.02,   596.93,   470.46
  602.28,   599.38,   596.73
  601.00,   600.96,   724.38
  606.04,   720.51,   466.83
  603.24,   724.30,   592.67
  600.06,   728.08,   718.98
  348.99,   474.79,   602.26
  351.12,   473.47,   728.31
  353.56,   472.82,   852.51
  350.11,   600.13,   603.19
  352.25,   597.74,   728.77
  354.19,   597.11,   853.80
  350.78,   725.20,   603.95
  353.19,   722.57,   728.71
  354.86,   721.13,   854.21
  473.87,   474.01,   600.43
  477.08,   471.50,   728.10
  479.68,   469.96,   853.85
  475.28,   599.06,   602.07
  477.82,   596.35,   729.31
  479.82,   594.89,   854.86
  476.00,   724.04,   602.72
  477.78,   721.66,   728.56
  479.65,   720.63,   852.82
  599.37,   472.89,   599.14
  602.51,   468.84,   726.44
  603.56,   467.36,   851.97
  600.23,   597.63,   600.03
  601.22,   594.80,   727.88
  602.44,   593.35,   853.92
  600.27,   722.86,   600.98
  599.64,   721.97,   727.29
  601.38,   721.02,   852.94
  349.35,   601.69,   100.59
  351.25,   603.35,   225.43
  353.45,   605.79,   350.15
  346.13,   726.90,    98.00
  348.41,   727.97,   223.09
  350.34,   731.25,   348.26
  343.48,   850.62,    96.86
  346.20,   851.85,   221.54
  347.23,   855.80,   346.45
  474.39,   604.76,    99.16
  476.51,   605.75,   224.09
  478.50,   609.08,   348.06
  470.31,   730.26,    96.39
  472.46,   731.46,   220.56
  474.93,   734.60,   345.53
  467.55,   854.46,    94.19
  469.45,   855.54,   218.31
  472.06,   858.99,   343.37
  599.99,   607.31,    96.65
  601.49,   609.22,   222.09
  603.64,   612.03,   345.81
  595.35,   732.65,    94.50
  597.21,   733.58,   218.39
  600.72,   736.57,   342.84
  590.82,   859.13,    92.14
  593.14,   859.17,   217.29
  597.24,   861.09,   341.06
  349.47,   599.57,   225.81
  345.74,   598.64,   350.64
  342.15,   597.73,   475.66
  351.75,   724.63,   227.14
  347.93,   724.48,   352.33
  344.04,   723.93,   477.32
  354.45,   848.29,   228.43
  350.21,   849.33,   353.61
  345.83,   848.80,   477.74
  474.54,   596.98,   230.52
  470.51,   596.99,   354.16
  467.17,   596.07,   478.39
  475.74,   722.79,   230.12
  472.75,   722.42,   355.03
  469.68,   721.47,   479.64
  477.76,   846.89,   231.03
  474.92,   846.91,   355.84
  471.15,   846.36,   481.04
  599.50,   595.09,   234.01
  595.63,   595.20,   357.21
  591.92,   594.07,   481.36
  600.76,   719.94,   233.80
  598.08,   719.42,   357.95
  594.97,   718.07,   482.78
  601.89,   844.77,   235.06
  600.35,   843.68,   358.92
  596.97,   842.22,   484.10
  350.18,   598.83,   348.22
  350.15,   596.55,   473.55
  350.70,   593.66,   598.33
  349.16,   724.65,   350.90
  348.90,   722.67,   475.84
  349.13,   718.47,   600.65
  348.11,   849.21,   353.28
  347.31,   847.84,   477.53
  347.49,   843.34,   602.18
  475.33,   600.37,   348.33
  475.31,   598.32,   472.45
  475.57,   594.78,   598.71
  474.00,   725.66,   350.23
  474.69,   723.69,   474.98
  474.41,   719.54,   600.91
  472.65,   850.32,   352.18
  472.69,   848.32,   477.62
  472.68,   844.61,   602.90
  600.55,   601.55,   348.01
  600.43,   599.74,   472.02
  600.62,   596.07,   598.40
  599.66,   725.81,   349.88
  600.28,   723.80,   474.75
  598.52,   720.98,   600.50
  598.39,   850.34,   352.07
  598.93,   847.74,   477.16
  596.70,   845.37,   602.78
  349.13,   600.65,   473.66
  352.76,   604.02,   598.63
  356.77,   606.54,   724.16
  352.88,   726.98,   470.08
  356.39,   728.93,   594.70
  360.38,   730.90,   719.22
  356.60,   851.67,   465.50
  360.00,   853.90,   589.84
  363.74,   854.91,   714.54
  474.25,   597.75,   469.49
  478.05,   600.23,   595.37
  482.45,   602.13,   722.61
  478.33,   722.52,   465.59
  481.86,   725.05,   591.53
  485.00,   727.48,   717.00
  481.85,   847.35,   462.00
  484.58,   849.74,   587.27
  487.80,   851.10,   711.55
  599.09,   593.93,   465.38
  602.96,   596.45,   591.55
  605.83,   597.98,   719.28
  603.94,   717.63,   461.82
  606.06,   721.08,   587.51
  606.84,   725.01,   713.97
  607.89,   841.58,   457.98
  609.31,   845.21,   583.85
  609.79,   849.32,   709.14
  351.99,   599.19,   601.48
  349.69,   598.60,   727.15
  347.56,   598.87,   851.89
  352.10,   724.29,   601.07
  349.96,   723.11,   725.48
  347.53,   723.32,   850.85
  352.35,   849.23,   599.72
  349.94,   847.26,   724.58
  347.86,   847.55,   849.47
  477.07,   598.72,   604.52
  475.27,   597.73,   731.71
  473.03,   597.59,   857.16
  477.59,   723.74,   604.01
  474.92,   722.82,   729.47
  472.29,   723.22,   853.79
  477.42,   848.30,   602.94
  474.69,   846.54,   726.91
  471.78,   846.73,   851.66
  602.10,   598.12,   607.27
  598.65,   596.72,   734.98
  595.76,   597.00,   860.52
  601.36,   723.33,   606.50
  596.73,   723.67,   732.87
  594.31,   724.15,   857.92
  601.42,   847.67,   605.91
  596.53,   848.50,   730.99
  594.32,   849.19,   855.67
  474.65,   100.07,   100.22
  477.59,    98.17,   224.30
  480.59,    95.71,   348.44
  474.81,   225.40,   101.34
  478.39,   223.84,   225.28
  479.91,   221.59,   350.03
  474.95,   349.35,   103.72
  478.28,   348.19,   228.47
  479.99,   346.84,   351.54
  599.08,    99.06,    95.82
  602.12,    97.54,   220.75
  606.22,    95.79,   345.75
  598.87,   224.27,    96.68
  602.91,   223.13,   220.99
  606.52,   221.45,   347.64
  599.39,   348.89,    99.08
  602.99,   347.43,   224.41
  605.49,   347.99,   348.40
  723.90,    97.40,    92.15
  727.36,    95.84,   218.37
  732.40,    95.31,   343.64
  722.92,   222.19,    92.25
  727.65,   221.53,   217.49
  733.70,   222.10,   345.35
  724.09,   347.38,    93.99
  727.08,   346.80,   219.11
  731.65,   349.12,   345.79
  475.34,   101.75,   224.69
  475.68,    97.59,   348.82
  476.32,    95.42,   474.05
  478.51,   227.29,   227.47
  477.40,   223.12,   352.13
  477.38,   220.42,   476.59
  480.86,   351.57,   231.77
  479.83,   348.45,   354.78
  479.62,   346.07,   479.00
  600.32,    98.78,   223.88
  601.28,    95.23,   348.65
  602.75,    93.34,   474.14
  603.18,   224.15,   225.82
  603.81,   221.10,   352.01
  604.13,   218.95,   477.60
  605.75,   348.74,   230.41
  605.38,   347.57,   354.62
  605.91,   345.36,   479.50
  725.30,    94.44,   224.03
  727.72,    92.49,   349.46
  729.31,    91.96,   474.62
  728.08,   220.56,   225.14
  731.37,   219.59,   352.81
  732.84,   218.14,   479.96
  730.01,   345.42,   228.31
  731.85,   346.54,   354.78
  733.45,   344.51,   481.57
  475.14,   101.12,   350.33
  473.64,   102.45,   475.48
  472.34,   104.78,   601.51
  473.61,   226.37,   349.69
  471.59,   227.42,   474.17
  471.33,   229.66,   599.00
  473.08,   351.80,   348.87
  471.04,   353.11,   472.78
  470.64,   354.72,   598.28
  600.80,   101.56,   352.26
  599.95,   103.44,   477.75
  598.36,   106.27,   602.88
  599.92,   227.58,   351.52
  598.77,   228.82,   477.26
  597.55,   231.22,   601.66
  598.66,   353.89,   350.29
  597.17,   355.68,   475.14
  596.73,   355.77,   600.51
  727.27,   101.81,   354.80
  727.42,   105.12,   480.38
  724.53,   108.10,   604.81
  727.70,   228.93,   354.49
  727.21,   231.65,   481.20
  724.09,   232.40,   604.67
  724.87,   355.91,   352.23
  724.24,   358.03,   478.69
  723.25,   356.38,   603.06
  473.57,    99.25,   475.47
  471.77,   103.27,   600.96
  470.27,   107.75,   726.35
  474.56,   224.60,   472.78
  473.39,   228.15,   597.28
  473.69,   232.32,   722.72
  476.69,   350.03,   469.82
  475.83,   352.98,   595.35
  476.02,   355.68,   722.09
  600.09,    97.77,   478.47
  597.46,   101.88,   603.36
  594.90,   106.24,   727.87
  601.57,   223.25,   476.46
  599.66,   226.61,   600.81
  597.84,   229.97,   724.33
  602.93,   349.84,   472.96
  601.63,   351.15,   598.00
  601.26,   352.28,   723.51
  727.08,    96.53,   481.54
  723.86,   100.82,   606.28
  718.63,   103.32,   730.16
  729.91,   222.72,   480.99
  726.20,   225.45,   604.70
  721.36,   225.99,   725.70
  730.46,   349.18,   477.24
  728.01,   348.78,   601.49
  726.39,   347.98,   724.29
  475.00,   100.90,   601.06
  472.45,   101.40,   726.38
  469.73,   100.43,   851.43
  473.08,   225.89,   601.01
  471.96,   226.57,   726.32
  469.50,   225.90,   852.36
  471.46,   350.63,   602.47
  470.98,   349.75,   729.20
  468.78,   348.61,   854.82
  600.78,   103.29,   604.37
  597.37,   103.91,   728.97
  594.00,   103.04,   853.32
  599.14,   227.90,   604.91
  596.35,   227.51,   728.54
  593.47,   227.15,   853.31
  597.45,   352.43,   606.22
  596.23,   350.01,   731.67
  593.04,   349.07,   856.56
  726.90,   106.10,   607.66
  721.02,   104.51,   731.51
  718.20,   102.81,   856.04
  725.39,   230.13,   609.72
  719.71,   226.97,   730.82
  717.04,   226.23,   854.56
  723.63,   353.92,   610.46
  721.10,   349.37,   733.27
  717.38,   349.26,   856.94
  476.85,   228.40,    98.62
  474.53,   224.33,   222.56
  470.18,   219.56,   347.22
  478.55,   352.46,   103.60
  476.29,   348.66,   228.06
  471.60,   344.52,   351.09
  480.04,   476.76,   107.58
  477.50,   472.89,   232.48
  473.64,   469.95,   354.97
  600.90,   225.55,    99.48
  599.19,   221.78,   224.20
  596.23,   217.67,   350.63
  603.27,   350.05,   104.86
  600.72,   346.47,   229.87
  597.31,   344.18,   354.30
  605.37,   474.90,   109.39
  602.71,   471.05,   234.87
  598.81,   469.11,   357.77
  724.87,   221.45,   101.36
  723.64,   218.41,   227.03
  723.93,   216.27,   354.72
  727.99,   346.55,   105.62
  725.21,   343.71,   231.13
  723.77,   343.54,   357.72
  730.48,   472.19,   110.09
  727.26,   468.78,   235.82
  723.69,   468.04,   360.46
  474.98,   225.20,   226.26
  471.79,   223.30,   350.99
  469.78,   222.16,   475.40
  472.91,   349.80,   228.80
  469.68,   348.57,   351.91
  467.50,   347.43,   475.69
  470.56,   473.90,   230.30
  468.23,   473.62,   352.77
  466.13,   473.08,   476.86
  599.60,   226.44,   226.48
  598.04,   225.64,   352.85
  596.41,   224.64,   478.53
  597.86,   351.31,   229.60
  595.34,   351.62,   353.74
  593.64,   351.14,   478.56
  595.70,   476.19,   231.47
  593.07,   476.78,   354.62
  591.03,   476.64,   478.53
  724.56,   227.60,   228.20
  725.90,   228.12,   356.05
  724.85,   228.55,   482.58
  722.05,   352.72,   229.72
  721.51,   355.28,   355.87
  720.87,   355.16,   482.22
  720.38,   477.47,   231.35
  718.14,   479.54,   356.00
  716.89,   479.30,   480.60
  472.35,   226.04,   348.51
  475.01,   222.75,   473.33
  479.55,   220.41,   597.91
  469.01,   351.20,   351.88
  471.99,   348.14,   475.98
  476.68,   345.44,   601.56
  466.38,   476.54,   355.23
  469.41,   473.68,   479.02
  473.82,   470.25,   605.39
  598.50,   229.32,   345.45
  601.85,   226.91,   471.28
  605.92,   224.51,   595.46
  594.48,   355.90,   348.85
  597.98,   353.17,   473.61
  602.28,   348.98,   598.63
  591.10,   480.64,   351.77
  594.43,   478.19,   475.75
  599.27,   473.48,   601.81
  725.68,   233.30,   343.41
  730.40,   231.81,   470.53
  732.51,   228.58,   594.05
  720.45,   360.20,   345.78
  725.37,   358.25,   472.26
  728.72,   352.27,   596.68
  716.05,   484.23,   348.26
  720.07,   482.62,   472.56
  725.05,   476.51,   598.33
  472.48,   225.93,   472.21
  474.14,   224.33,   597.19
  476.24,   223.54,   722.20
  472.07,   351.36,   474.76
  473.46,   349.14,   600.46
  476.58,   347.05,   727.13
  472.02,   477.30,   477.44
  473.58,   474.29,   603.65
  475.94,   470.36,   731.45
  599.68,   227.38,   473.43
  600.13,   225.46,   597.84
  600.45,   223.31,   721.30
  598.31,   353.94,   475.47
  599.61,   350.29,   600.52
  601.51,   345.88,   725.80
  597.31,   479.26,   476.98
  599.02,   474.69,   603.53
  600.88,   469.38,   730.81
  728.12,   229.32,   475.79
  726.94,   226.90,   599.67
  724.53,   222.47,   720.55
  725.77,   355.84,   477.13
  725.83,   350.44,   601.65
  726.74,   344.26,   724.18
  723.29,   480.37,   477.17
  724.84,   475.06,   602.94
  726.26,   468.39,   728.50
  471.87,   224.54,   599.06
  470.84,   229.37,   724.30
  468.13,   232.90,   850.40
  473.24,   349.47,   596.50
  471.93,   352.79,   723.13
  469.65,   355.49,   848.95
  474.34,   474.25,   593.96
  472.89,   476.39,   721.90
  470.64,   478.97,   847.29
  597.86,   224.11,   603.29
  595.07,   227.88,   726.92
  591.95,   231.39,   851.72
  599.09,   348.60,   600.63
  597.19,   350.33,   725.67
  594.36,   353.25,   851.01
  599.71,   473.37,   597.27
  598.13,   473.97,   724.68
  594.70,   476.37,   850.22
  724.53,   224.00,   608.52
  718.57,   225.30,   729.70
  715.65,   227.98,   853.23
  725.24,   347.65,   605.26
  722.35,   347.50,   728.03
  718.48,   350.97,   851.42
  725.69,   472.41,   600.64
  723.29,   471.67,   726.50
  718.48,   475.07,   850.55
  474.38,   349.83,   101.98
  474.74,   348.46,   226.63
  472.56,   346.80,   349.90
  473.69,   474.23,   103.28
  473.42,   472.79,   228.46
  472.24,   472.02,   351.13
  472.39,   599.35,   103.54
  471.92,   597.37,   228.72
  471.68,   597.57,   352.29
  599.24,   349.85,   101.16
  599.47,   348.48,   226.18
  598.30,   348.59,   350.24
  598.82,   474.76,   102.55
  598.73,   473.12,   228.42
  597.41,   473.74,   351.66
  597.73,   599.31,   103.31
  597.38,   598.21,   228.85
  596.90,   598.12,   352.58
  723.79,   348.90,    99.50
  723.46,   348.30,   224.64
  724.46,   350.78,   351.27
  724.15,   474.48,   101.25
  723.43,   473.15,   226.74
  722.35,   474.73,   351.64
  722.88,   599.53,   102.77
  722.70,   599.20,   227.80
  722.52,   598.38,   352.77
  477.31,   349.15,   225.08
  476.35,   347.51,   348.11
  476.50,   345.98,   472.14
  479.60,   473.09,   226.95
  479.62,   472.55,   349.68
  480.20,   472.10,   473.63
  481.36,   597.76,   227.27
  482.40,   598.19,   350.65
  483.69,   597.41,   475.08
  601.77,   345.84,   223.33
  602.15,   345.83,   347.58
  602.76,   345.06,   472.38
  604.78,   470.19,   225.60
  604.60,   470.92,   348.67
  605.04,   470.48,   472.79
  606.74,   595.08,   225.79
  607.69,   595.06,   349.43
  608.67,   594.67,   473.68
  726.08,   341.67,   220.63
  728.15,   344.01,   346.99
  730.30,   344.13,   473.78
  729.40,   467.00,   222.65
  729.62,   468.52,   347.35
  731.25,   468.39,   472.40
  732.16,   593.08,   223.81
  733.18,   592.15,   348.70
  733.75,   591.63,   472.80
  472.34,   350.88,   349.84
  473.46,   351.48,   473.88
  476.22,   352.49,   599.34
  475.82,   476.25,   349.32
  477.20,   477.20,   473.27
  479.68,   477.51,   599.61
  478.85,   601.67,   348.78
  481.03,   602.85,   472.97
  483.24,   602.27,   599.04
  597.90,   348.94,   348.47
  599.41,   349.98,   473.16
  601.80,   349.78,   598.49
  600.62,   473.82,   347.80
  602.16,   475.38,   471.63
  604.93,   474.14,   597.76
  604.08,   598.38,   346.66
  605.67,   599.90,   470.47
  607.79,   599.08,   596.81
  724.19,   346.89,   347.26
  726.94,   348.42,   473.75
  728.47,   346.37,   598.18
  725.71,   471.25,   345.59
  728.03,   473.16,   470.38
  731.02,   471.21,   596.11
  729.74,   594.83,   345.11
  730.74,   596.13,   469.14
  732.42,   596.45,   594.16
  473.43,   349.72,   474.14
  476.17,   352.48,   599.85
  480.22,   355.07,   726.67
  474.11,   475.59,   471.84
  476.60,   477.54,   598.26
  480.42,   478.95,   726.14
  474.91,   601.29,   470.11
  476.88,   602.50,   595.88
  479.52,   603.47,   723.11
  599.33,   351.40,   473.46
  602.16,   352.58,   598.98
  605.53,   353.36,   724.27
  598.93,   476.86,   470.24
  601.97,   477.47,   596.40
  605.37,   477.19,   723.75
  599.86,   601.24,   467.75
  601.80,   602.31,   593.90
  603.16,   603.14,   721.44
  726.89,   353.07,   473.96
  728.70,   352.60,   598.47
  730.62,   351.54,   721.36
  725.12,   477.57,   469.29
  727.88,   477.21,   594.45
  730.88,   475.65,   719.96
  724.85,   600.55,   465.96
  726.39,   602.66,   591.09
  727.00,   603.65,   717.34
  473.18,   349.17,   598.81
  472.52,   351.64,   725.66
  470.81,   353.52,   851.13
  476.09,   474.50,   597.44
  474.99,   475.14,   725.22
  473.19,   476.88,   850.85
  479.27,   599.13,   596.12
  477.17,   599.73,   723.30
  474.98,   601.59,   848.80
  599.21,   346.95,   602.72
  597.86,   347.40,   727.80
  594.91,   349.27,   852.97
  601.50,   471.50,   600.76
  600.42,   471.08,   727.93
  597.03,   472.82,   853.32
  604.00,   596.50,   598.53
  600.61,   596.77,   726.47
  597.67,   598.57,   852.14
  725.53,   344.39,   606.96
  722.80,   342.66,   729.61
  719.23,   345.54,   853.11
  727.73,   468.81,   603.66
  725.73,   467.04,   729.00
  720.87,   469.45,   853.48
  728.60,   594.42,   600.30
  724.65,   594.57,   726.89
  719.54,   595.96,   853.15
  477.51,   475.25,   101.78
  475.20,   472.51,   226.62
  471.71,   471.19,   349.28
  478.79,   600.42,   102.86
  476.60,   597.47,   227.97
  474.06,   596.54,   351.89
  480.21,   725.88,   104.15
  477.82,   722.97,   228.37
  476.09,   722.04,   353.21
  602.44,   472.54,   103.20
  600.02,   470.44,   229.11
  596.52,   469.81,   352.13
  604.48,   597.50,   105.08
  601.56,   595.15,   230.45
  599.02,   594.12,   353.73
  605.19,   722.33,   107.01
  602.90,   719.91,   230.87
  601.52,   718.48,   355.50
  727.62,   469.84,   103.70
  725.07,   467.63,   229.33
  721.51,   468.11,   354.39
  729.12,   594.94,   106.48
  727.25,   593.61,   231.88
  724.27,   591.63,   356.37
  730.52,   718.44,   109.33
  727.99,   718.35,   233.87
  727.72,   715.27,   358.38
  476.57,   474.38,   226.91
  474.61,   475.11,   349.37
  472.86,   475.45,   473.41
  477.92,   599.19,   226.03
  476.95,   600.63,   349.72
  476.10,   601.25,   474.00
  479.51,   724.69,   224.26
  479.39,   725.97,   348.78
  478.69,   726.19,   473.62
  601.83,   472.09,   227.54
  599.36,   473.90,   350.66
  598.10,   474.38,   474.62
  603.42,   597.08,   226.83
  602.17,   598.42,   350.17
  601.04,   599.07,   474.18
  604.47,   721.47,   225.10
  604.74,   722.50,   349.74
  604.28,   722.72,   474.52
  726.48,   469.07,   226.64
  724.48,   471.86,   351.44
  724.23,   472.89,   476.36
  728.78,   595.12,   226.60
  727.45,   595.50,   351.22
  726.05,   596.13,   475.75
  729.67,   720.06,   226.71
  731.11,   719.25,   351.23
  729.25,   719.24,   475.71
  476.03,   475.73,   348.63
  476.61,   478.56,   472.45
  478.57,   480.81,   598.88
  476.27,   601.26,   346.22
  477.69,   604.51,   470.26
  479.29,   605.48,   596.70
  476.88,   726.46,   343.12
  478.47,   729.49,   467.72
  479.45,   730.55,   593.64
  601.12,   476.24,   347.33
  601.90,   479.66,   471.47
  604.34,   480.14,   597.69
  601.83,   600.74,   344.77
  602.74,   604.10,   468.87
  603.91,   605.13,   594.78
  602.11,   725.01,   341.64
  604.01,   727.83,   466.28
  603.72,   730.03,   591.96
  726.02,   476.54,   346.23
  727.69,   480.06,   471.00
  730.13,   479.80,   596.19
  727.44,   599.97,   343.55
  727.99,   603.09,   467.94
  728.60,   605.04,   592.71
  728.54,   724.00,   341.03
  729.37,   726.13,   465.42
  727.10,   730.13,   590.10
  474.60,   478.01,   475.14
  471.73,   474.30,   601.30
  469.79,   470.12,   729.06
  473.77,   603.18,   478.74
  470.46,   599.13,   605.01
  467.73,   594.69,   732.25
  472.32,   728.45,   481.97
  468.18,   723.83,   607.70
  465.17,   719.64,   733.29
  599.67,   480.60,   479.26
  597.39,   475.53,   605.42
  594.84,   470.02,   732.63
  598.51,   605.09,   482.07
  594.98,   600.45,   608.45
  591.01,   595.63,   736.25
  597.68,   728.88,   484.96
  592.18,   725.83,   611.11
  587.01,   722.58,   737.42
  725.82,   483.10,   483.52
  723.37,   476.93,   608.99
  720.38,   469.99,   734.54
  723.44,   606.10,   486.04
  719.60,   602.57,   610.99
  714.67,   597.44,   738.09
  722.59,   729.29,   489.06
  715.39,   728.35,   614.05
  707.97,   726.45,   740.03
  475.62,   474.58,   599.44
  480.22,   470.04,   727.24
  483.92,   466.01,   852.97
  476.14,   599.57,   603.64
  479.80,   594.54,   730.89
  483.15,   590.95,   856.00
  476.10,   724.15,   606.67
  479.01,   719.53,   732.25
  481.91,   716.10,   856.76
  601.05,   474.32,   596.78
  605.40,   468.15,   724.28
  607.82,   464.39,   849.39
  600.71,   599.25,   600.16
  603.39,   594.03,   727.94
  605.63,   590.41,   853.61
  600.27,   724.54,   603.49
  600.76,   721.21,   729.91
  603.71,   717.77,   855.16
  726.86,   474.37,   594.27
  730.48,   466.98,   719.40
  732.03,   463.40,   843.68
  725.47,   599.80,   596.50
  727.14,   594.31,   722.78
  728.04,   590.08,   848.82
  723.56,   724.82,   599.83
  722.15,   723.08,   725.24
  724.19,   719.09,   852.69
  475.04,   599.31,   101.73
  476.34,   596.50,   226.65
  477.80,   595.65,   350.24
  476.53,   725.03,   102.45
  478.06,   722.27,   227.24
  480.54,   721.08,   352.10
  479.16,   848.99,   104.32
  480.87,   846.42,   228.71
  482.85,   845.59,   353.60
  600.50,   596.25,    99.68
  601.90,   594.24,   225.08
  602.92,   593.31,   348.96
  601.69,   721.16,   101.32
  603.09,   718.80,   225.54
  605.87,   717.41,   350.20
  602.84,   848.04,   103.17
  605.01,   843.94,   227.76
  608.25,   841.98,   351.86
  725.49,   593.04,    97.35
  727.19,   592.33,   222.68
  728.36,   590.11,   347.29
  727.35,   716.81,    99.80
  728.15,   717.02,   224.97
  732.24,   714.36,   349.20
  728.38,   844.67,   102.54
  730.39,   840.82,   227.47
  734.43,   837.94,   350.77
  476.45,   600.09,   225.38
  473.73,   601.02,   348.95
  470.73,   601.48,   473.20
  475.00,   725.67,   223.55
  472.63,   726.55,   348.72
  470.27,   726.67,   473.51
  474.45,   849.85,   223.19
  471.87,   850.92,   348.20
  469.18,   851.57,   473.66
  601.77,   600.93,   227.90
  598.83,   601.93,   351.81
  595.91,   602.29,   475.77
  600.00,   725.44,   226.52
  598.23,   726.08,   350.83
  596.00,   726.48,   475.62
  598.29,   850.85,   226.81
  597.55,   850.93,   350.74
  594.86,   850.65,   475.89
  727.21,   602.33,   229.92
  724.23,   602.39,   354.52
  720.85,   602.65,   478.50
  725.02,   726.95,   230.16
  724.74,   726.02,   354.46
  721.05,   725.72,   479.16
  723.65,   850.91,   231.00
  723.57,   849.86,   353.79
  720.83,   849.74,   478.82
  475.64,   599.40,   348.32
  475.14,   600.34,   472.88
  474.84,   599.59,   598.70
  472.54,   724.54,   347.11
  472.56,   725.55,   472.25
  471.91,   724.84,   598.05
  469.84,   849.18,   346.55
  469.26,   850.57,   471.83
  468.45,   849.80,   597.03
  600.86,   602.14,   348.59
  599.97,   603.20,   472.78
  599.76,   602.52,   599.09
  598.33,   726.44,   347.62
  598.29,   727.29,   472.30
  596.07,   727.56,   598.23
  595.02,   850.96,   346.64
  595.21,   851.74,   471.81
  592.73,   851.75,   597.71
  726.34,   604.29,   349.39
  724.98,   605.46,   473.47
  724.31,   605.96,   598.76
  724.57,   728.25,   348.60
  723.22,   728.50,   473.36
  719.49,   731.04,   598.18
  721.29,   852.33,   347.69
  721.08,   852.51,   472.40
  716.78,   854.76,   598.36
  476.39,   602.58,   475.85
  473.23,   601.80,   601.81
  471.00,   600.49,   729.03
  477.70,   727.79,   475.55
  474.02,   726.83,   601.52
  470.96,   725.73,   727.17
  478.32,   852.46,   475.46
  474.57,   851.31,   600.60
  471.53,   849.26,   724.67
  601.39,   601.75,   478.63
  597.95,   600.55,   604.99
  594.55,   598.87,   732.83
  603.58,   725.26,   478.43
  598.34,   725.39,   604.20
  593.01,   726.00,   730.92
  604.22,   849.83,   478.25
  598.84,   849.85,   604.05
  593.13,   850.45,   729.00
  726.18,   599.92,   482.16
  722.84,   599.46,   607.50
  717.87,   597.87,   734.29
  728.29,   723.18,   482.49
  721.39,   725.03,   607.10
  714.05,   727.15,   732.98
  730.00,   846.92,   481.59
  722.90,   849.33,   607.79
  715.17,   852.39,   733.81
  475.47,   602.25,   601.64
  473.28,   599.92,   728.87
  470.55,   598.43,   853.86
  474.21,   727.31,   602.04
  471.12,   724.75,   727.67
  467.97,   723.98,   852.10
  472.55,   851.81,   602.51
  469.55,   848.69,   726.38
  466.27,   847.61,   850.92
  600.17,   603.13,   604.36
  596.82,   600.38,   732.10
  593.20,   599.50,   857.99
  598.46,   728.08,   604.89
  592.91,   727.32,   731.44
  590.40,   726.40,   856.46
  596.80,   852.44,   605.89
  591.18,   851.94,   730.72
  589.10,   851.31,   855.51
  724.67,   604.60,   606.67
  720.17,   601.87,   733.25
  714.99,   600.64,   859.53
  721.16,   730.22,   607.59
  714.01,   730.88,   733.44
  710.90,   729.16,   860.82
  720.72,   854.00,   609.33
  713.13,   855.99,   735.45
  711.87,   855.89,   860.03
  598.20,   101.59,    99.14
  595.95,    97.94,   224.25
  594.29,    94.21,   348.86
  601.49,   226.46,   101.73
  599.99,   223.51,   226.40
  597.54,   220.08,   352.63
  605.52,   350.84,   106.53
  603.44,   348.02,   231.49
  600.02,   346.49,   356.09
  722.87,    96.44,   100.88
  721.02,    92.79,   227.28
  720.25,    90.44,   352.38
  725.53,   221.11,   102.74
  724.83,   218.80,   228.94
  725.14,   217.24,   356.37
  729.72,   346.03,   106.75
  727.83,   343.78,   232.26
  726.61,   344.35,   359.17
  848.39,    91.29,   104.28
  846.55,    88.76,   230.37
  845.45,    87.66,   354.82
  851.22,   216.39,   106.67
  850.24,   214.19,   232.82
  850.53,   214.53,   360.09
  855.41,   342.64,   108.74
  852.96,   339.92,   234.40
  852.23,   340.36,   361.92
  598.62,    98.90,   224.56
  595.83,    96.72,   349.45
  593.28,    95.85,   474.90
  600.46,   224.52,   225.24
  597.12,   222.41,   351.50
  593.61,   220.93,   477.15
  601.71,   349.16,   228.99
  597.43,   349.05,   353.34
  593.96,   347.58,   477.95
  723.61,    95.83,   228.43
  722.08,    95.03,   354.01
  720.23,    95.31,   478.97
  725.09,   222.05,   228.62
  724.70,   221.88,   356.49
  722.26,   221.34,   483.10
  725.74,   347.29,   230.57
  723.61,   349.30,   357.39
  721.19,   348.08,   483.41
  848.95,    94.12,   232.64
  847.78,    94.71,   357.11
  844.84,    95.33,   481.92
  850.70,   219.43,   233.47
  850.02,   221.64,   360.80
  847.17,   222.04,   487.14
  851.02,   345.43,   233.47
  849.22,   347.22,   360.96
  846.96,   346.48,   487.19
  599.74,    99.77,   348.50
  598.07,   103.79,   473.98
  595.67,   108.57,   598.99
  602.78,   225.40,   345.34
  600.37,   229.10,   471.04
  598.81,   233.57,   595.25
  605.14,   351.72,   342.38
  602.75,   355.86,   466.97
  601.59,   358.00,   592.04
  725.90,    96.36,   351.85
  725.17,   101.52,   477.02
  721.90,   106.88,   601.60
  730.37,   223.31,   348.86
  729.00,   227.80,   475.89
  725.44,   231.24,   599.60
  731.36,   350.04,   344.83
  730.22,   354.52,   471.48
  727.84,   355.03,   595.78
  851.36,    93.98,   353.70
  849.78,    99.92,   478.90
  846.84,   104.55,   603.20
  855.43,   221.01,   352.56
  854.01,   226.35,   478.78
  849.74,   228.65,   601.86
  856.44,   346.18,   347.36
  855.49,   350.78,   473.48
  853.18,   352.01,   597.82
  600.38,   100.04,   473.24
  600.34,   100.48,   598.57
  600.22,   101.38,   723.28
  597.20,   225.55,   474.73
  597.67,   225.32,   599.12
  598.38,   225.26,   722.76
  593.58,   351.73,   474.64
  595.03,   349.90,   599.93
  597.15,   347.58,   725.30
  727.36,   103.17,   473.84
  726.87,   104.08,   598.80
  724.11,   103.05,   722.40
  725.64,   229.72,   476.98
  724.48,   228.63,   600.70
  722.05,   225.91,   721.72
  720.93,   356.25,   476.63
  721.73,   352.33,   600.99
  722.31,   348.06,   723.80
  852.09,   106.92,   473.22
  851.38,   107.62,   597.82
  849.94,   105.42,   721.48
  850.82,   233.51,   477.36
  849.15,   231.62,   600.36
  847.05,   228.32,   722.16
  846.63,   358.13,   476.45
  847.15,   354.89,   600.56
  846.38,   351.12,   723.21
  600.27,   101.39,   601.24
  599.78,   103.07,   726.00
  599.62,   103.67,   850.12
  602.09,   226.13,   600.69
  602.06,   226.98,   724.17
  602.71,   227.71,   849.04
  603.60,   351.02,   600.82
  605.75,   349.34,   726.04
  605.73,   349.47,   850.93
  726.61,   100.65,   601.53
  723.77,   100.69,   725.74
  723.94,    99.93,   850.17
  728.62,   225.32,   602.58
  725.74,   223.23,   723.60
  726.12,   223.31,   847.27
  730.31,   349.00,   602.27
  730.35,   345.49,   724.91
  730.01,   346.47,   848.31
  851.07,    99.63,   600.95
  849.59,    98.52,   724.55
  849.25,    95.53,   850.75
  852.97,   223.51,   602.46
  850.78,   221.61,   724.52
  851.09,   221.30,   848.04
  855.42,   346.64,   601.62
  854.43,   344.64,   724.33
  853.72,   345.75,   847.15
  599.12,   226.44,    99.81
  601.31,   226.88,   224.44
  602.72,   227.91,   351.07
  598.97,   350.69,   100.76
  600.50,   351.69,   225.60
  601.09,   354.32,   349.99
  598.18,   475.63,    99.85
  599.65,   476.45,   225.96
  599.82,   479.08,   348.71
  723.24,   225.10,    97.39
  726.17,   226.62,   223.18
  730.06,   229.42,   350.94
  723.58,   350.13,    97.28
  724.70,   351.53,   223.01
  727.15,   356.51,   349.41
  723.50,   475.95,    96.96
  724.73,   476.87,   222.47
  724.90,   480.40,   347.36
  849.21,   225.15,    97.56
  851.36,   226.04,   223.74
  855.28,   230.91,   351.04
  848.96,   350.90,    95.66
  850.32,   352.11,   220.71
  852.51,   356.63,   348.27
  848.37,   477.32,    94.75
  849.31,   477.86,   219.40
  850.42,   480.59,   345.11
  600.46,   226.24,   224.30
  601.86,   228.81,   350.64
  603.08,   232.30,   476.34
  597.47,   350.85,   223.53
  597.82,   354.97,   347.76
  598.66,   358.38,   472.50
  594.13,   475.16,   221.95
  594.38,   479.71,   344.77
  595.09,   483.54,   468.50
  725.18,   227.94,   222.67
  729.40,   232.91,   350.78
  731.23,   237.12,   477.74
  721.80,   352.82,   220.41
  723.92,   359.62,   346.92
  726.07,   363.21,   473.27
  719.23,   478.22,   218.40
  719.61,   483.24,   343.45
  720.82,   487.52,   467.91
  850.68,   229.86,   223.25
  854.15,   236.68,   350.59
  856.01,   241.13,   476.60
  847.03,   355.65,   218.62
  849.13,   361.77,   345.61
  851.44,   365.87,   471.94
  843.88,   480.95,   215.00
  844.70,   485.72,   340.98
  846.60,   489.58,   466.86
  600.23,   223.06,   350.72
  597.49,   221.50,   476.30
  594.95,   220.80,   600.47
  597.46,   349.72,   352.67
  594.12,   347.95,   477.47
  592.24,   345.46,   602.71
  594.66,   474.62,   354.19
  591.48,   473.49,   478.10
  590.12,   469.76,   604.30
  727.77,   226.22,   354.99
  726.13,   225.71,   481.92
  721.13,   223.70,   605.32
  723.69,   353.39,   356.11
  721.82,   352.19,   482.35
  718.88,   347.49,   606.68
  719.87,   477.41,   356.97
  717.45,   476.49,   481.50
  716.28,   471.94,   607.44
  852.92,   229.40,   359.06
  850.96,   229.34,   485.47
  845.91,   226.12,   608.56
  849.18,   354.78,   359.33
  847.29,   353.96,   485.62
  844.22,   349.31,   609.35
  845.35,   478.83,   358.87
  843.32,   477.86,   484.92
  841.45,   474.10,   609.57
  601.84,   225.79,   477.41
  601.58,   227.92,   602.00
  601.82,   230.15,   725.42
  601.62,   352.24,   475.22
  602.68,   352.65,   600.53
  604.33,   352.38,   725.75
  602.20,   477.51,   472.95
  603.53,   477.23,   598.84
  604.97,   475.90,   726.27
  730.17,   226.47,   480.53
  728.37,   227.75,   604.01
  725.46,   227.11,   724.83
  729.20,   353.03,   477.49
  729.01,   351.70,   601.87
  729.30,   349.54,   724.86
  728.30,   477.52,   473.27
  729.33,   476.17,   599.20
  730.48,   473.75,   724.51
  854.92,   226.67,   480.66
  852.75,   227.07,   604.02
  850.35,   226.54,   726.00
  854.71,   351.16,   477.56
  854.22,   350.31,   601.78
  853.51,   349.60,   724.50
  853.91,   475.23,   473.85
  854.72,   475.17,   598.63
  855.36,   474.99,   722.45
  601.93,   227.35,   600.65
  603.81,   228.84,   724.06
  605.60,   230.10,   848.43
  601.00,   352.07,   599.75
  604.39,   351.12,   725.05
  606.37,   351.79,   850.16
  600.47,   476.74,   598.84
  603.38,   474.90,   726.37
  604.99,   475.31,   851.81
  728.69,   228.98,   600.99
  727.37,   227.75,   722.07
  729.12,   228.10,   845.38
  727.64,   352.57,   599.49
  729.31,   349.91,   722.67
  730.74,   351.42,   846.02
  726.37,   477.29,   597.36
  728.70,   474.30,   722.77
  728.82,   475.47,   847.22
  853.02,   229.68,   599.58
  852.09,   228.41,   721.58
  854.08,   228.91,   845.14
  853.07,   353.20,   597.97
  853.68,   351.50,   720.67
  854.12,   353.11,   843.64
  851.62,   478.05,   595.58
  853.50,   476.98,   719.36
  854.20,   477.95,   842.88
  601.36,   348.25,   101.21
  603.45,   352.00,   226.03
  604.49,   357.27,   350.46
  601.07,   473.27,    98.06
  603.06,   476.54,   223.92
  603.57,   481.93,   346.88
  600.13,   597.91,    93.87
  601.83,   601.57,   219.38
  603.34,   606.37,   342.72
  725.96,   347.22,    97.53
  727.72,   351.56,   222.73
  730.57,   358.79,   349.38
  726.30,   472.88,    94.47
  727.94,   476.62,   220.10
  728.59,   482.51,   344.88
  725.54,   597.49,    91.25
  727.41,   602.54,   216.32
  729.04,   606.41,   341.16
  851.48,   347.59,    95.56
  852.93,   351.27,   220.58
  855.82,   358.43,   347.74
  851.42,   473.86,    91.96
  852.79,   476.73,   216.09
  854.03,   482.29,   342.35
  849.91,   598.51,    89.12
  852.41,   602.77,   213.62
  854.07,   606.25,   339.57
  601.51,   349.92,   226.40
  601.81,   352.84,   350.87
  602.78,   354.73,   475.58
  604.83,   474.62,   226.32
  604.86,   477.55,   349.54
  605.50,   479.87,   473.07
  607.28,   599.48,   223.90
  608.44,   602.17,   347.61
  609.37,   604.05,   471.68
  725.72,   345.57,   223.63
  727.96,   350.80,   350.20
  730.26,   352.92,   476.64
  729.82,   470.79,   223.27
  729.81,   474.53,   348.19
  731.37,   477.43,   472.99
  732.81,   596.66,   221.83
  733.79,   598.18,   346.33
  734.32,   600.23,   470.69
  851.05,   341.98,   222.28
  853.34,   346.40,   349.39
  855.45,   349.00,   476.14
  854.61,   467.29,   219.93
  855.20,   470.42,   346.13
  857.23,   472.56,   471.90
  858.03,   593.15,   219.53
  858.59,   594.22,   345.36
  859.32,   596.26,   470.05
  599.49,   349.31,   351.00
  601.16,   352.27,   475.53
  604.01,   354.01,   601.04
  601.69,   474.13,   348.02
  603.56,   477.60,   471.90
  606.54,   478.65,   598.11
  604.69,   598.68,   345.10
  606.80,   601.89,   468.93
  608.54,   603.63,   595.06
  725.70,   347.85,   349.68
  728.84,   351.34,   475.84
  730.60,   351.20,   600.17
  726.87,   472.29,   345.81
  729.31,   476.04,   470.77
  732.52,   475.73,   596.40
  730.06,   595.76,   343.44
  731.55,   599.13,   467.52
  733.59,   601.39,   592.10
  851.09,   344.47,   348.04
  854.34,   348.23,   474.09
  855.68,   348.35,   598.23
  852.33,   468.46,   343.18
  855.20,   471.92,   469.19
  857.85,   473.25,   594.31
  855.09,   592.58,   341.29
  856.77,   595.62,   465.84
  857.94,   599.41,   590.04
  599.67,   350.04,   476.69
  600.59,   348.67,   601.99
  602.44,   346.15,   727.25
  601.22,   475.68,   476.16
  602.60,   473.16,   602.66
  604.24,   469.75,   729.79
  604.06,   599.74,   476.63
  604.35,   598.22,   602.81
  603.94,   595.61,   730.52
  727.35,   349.63,   479.17
  727.13,   346.30,   603.37
  727.26,   342.55,   725.90
  727.63,   474.18,   477.03
  728.66,   470.77,   602.60
  729.56,   466.65,   727.84
  729.00,   597.54,   476.53
  728.85,   596.29,   601.81
  727.84,   594.12,   728.54
  853.06,   346.99,   479.49
  852.39,   344.19,   603.47
  851.26,   341.06,   725.90
  853.16,   471.01,   477.19
  853.83,   468.91,   602.44
  854.31,   466.49,   726.25
  854.10,   594.86,   477.32
  853.52,   595.04,   601.32
  853.91,   594.69,   726.33
  600.12,   349.52,   601.61
  599.15,   346.86,   726.77
  596.21,   346.10,   852.01
  603.07,   474.16,   602.70
  601.40,   470.29,   730.37
  598.42,   469.19,   855.67
  605.36,   598.96,   603.71
  602.25,   596.37,   731.76
  599.20,   595.28,   857.41
  726.58,   346.71,   606.07
  723.77,   342.23,   728.64
  720.32,   341.95,   851.91
  728.92,   470.86,   605.84
  727.05,   466.09,   731.30
  722.28,   465.77,   855.24
  729.84,   596.63,   605.42
  725.92,   593.84,   732.36
  720.95,   592.50,   858.21
  851.93,   343.73,   608.78
  847.61,   340.08,   731.24
  843.90,   340.29,   853.82
  854.22,   468.16,   608.43
  851.53,   465.36,   731.75
  847.29,   464.42,   855.54
  854.63,   594.64,   608.13
  852.10,   593.67,   732.68
  848.58,   591.29,   858.09
  600.28,   476.22,   100.76
  602.53,   474.87,   226.51
  603.18,   475.27,   349.39
  602.37,   601.01,   101.35
  604.00,   599.75,   226.69
  605.95,   599.70,   350.33
  603.11,   726.13,   102.23
  605.24,   724.26,   226.27
  608.64,   723.84,   350.56
  725.73,   473.36,    96.93
  727.19,   472.01,   222.57
  728.47,   473.20,   347.41
  727.29,   598.21,    98.76
  729.47,   597.81,   223.67
  731.24,   596.95,   348.57
  728.76,   721.82,   100.28
  730.27,   722.71,   224.92
  734.95,   720.96,   349.13
  850.45,   471.18,    93.89
  852.23,   469.61,   218.41
  853.95,   470.09,   344.45
  851.66,   596.35,    96.08
  854.48,   595.53,   220.64
  856.12,   593.93,   346.50
  853.32,   719.81,    98.32
  856.06,   721.07,   223.35
  859.82,   718.95,   349.00
  599.19,   474.34,   225.51
  595.81,   474.93,   348.49
  593.72,   474.23,   472.37
  599.22,   599.14,   226.24
  597.09,   599.36,   349.68
  595.39,   598.49,   473.59
  599.28,   723.92,   225.77
  598.73,   723.62,   349.93
  597.18,   722.65,   474.83
  723.98,   472.89,   225.75
  721.27,   474.08,   350.19
  719.57,   474.14,   475.25
  725.02,   598.78,   226.74
  722.83,   597.64,   351.59
  720.20,   597.37,   475.69
  724.30,   723.90,   228.19
  724.87,   721.77,   352.54
  722.44,   720.43,   477.38
  848.89,   471.72,   225.35
  846.57,   472.39,   351.81
  845.45,   472.03,   477.32
  850.15,   597.68,   227.75
  847.67,   596.30,   353.81
  845.34,   595.74,   478.19
  850.28,   723.50,   230.90
  849.90,   721.20,   355.84
  846.55,   720.02,   479.89
  600.61,   477.03,   351.57
  597.43,   481.30,   475.38
  595.95,   483.03,   601.34
  601.30,   601.56,   347.74
  598.38,   605.62,   471.61
  595.46,   608.11,   597.68
  601.91,   725.78,   343.24
  599.63,   729.75,   467.73
  595.34,   733.13,   593.72
  725.91,   477.58,   354.03
  723.41,   481.80,   479.01
  721.63,   482.79,   604.32
  726.90,   600.94,   350.32
  723.36,   605.01,   474.79
  720.35,   608.31,   599.59
  728.03,   724.54,   346.40
  724.70,   728.22,   471.33
  718.57,   733.57,   595.69
  851.42,   476.54,   356.44
  849.15,   480.62,   482.06
  847.01,   482.71,   606.84
  851.75,   599.91,   353.46
  848.27,   604.37,   477.98
  844.70,   609.05,   601.90
  853.37,   725.01,   350.97
  848.91,   728.78,   474.88
  842.01,   734.98,   598.47
  600.17,   477.50,   473.87
  605.01,   473.22,   600.06
  609.93,   467.92,   727.12
  603.04,   601.88,   475.87
  606.69,   598.14,   602.09
  609.71,   593.71,   729.77
  605.91,   725.74,   478.26
  607.88,   723.07,   604.15
  609.02,   721.11,   730.55
  726.26,   476.15,   471.10
  731.18,   470.88,   596.23
  735.31,   464.70,   721.58
  728.12,   599.40,   472.54
  731.32,   596.65,   597.45
  733.90,   591.99,   723.94
  730.98,   722.45,   475.36
  730.92,   721.99,   599.91
  730.60,   721.06,   725.27
  851.65,   473.17,   467.73
  856.13,   468.89,   592.63
  859.85,   464.90,   716.58
  853.00,   596.98,   469.36
  856.13,   595.20,   593.97
  859.38,   592.86,   718.70
  854.96,   721.22,   472.30
  855.15,   721.29,   595.90
  856.74,   721.41,   721.05
  599.46,   475.98,   598.46
  604.72,   475.29,   725.84
  607.79,   476.92,   851.28
  596.67,   600.86,   596.31
  599.66,   601.24,   723.88
  602.93,   602.94,   850.08
  593.46,   725.97,   594.03
  594.69,   728.11,   720.27
  598.47,   730.35,   845.67
  725.41,   478.49,   594.91
  729.74,   476.66,   720.18
  731.87,   478.47,   844.64
  721.17,   603.79,   591.65
  723.41,   604.20,   718.26
  724.75,   605.73,   844.52
  716.95,   728.62,   589.78
  716.22,   732.82,   715.27
  718.67,   735.05,   842.41
  850.46,   480.77,   591.17
  854.55,   481.10,   714.90
  857.08,   483.39,   838.30
  845.62,   606.68,   587.80
  849.15,   609.32,   712.60
  852.34,   610.65,   837.66
  840.43,   732.54,   585.63
  841.10,   737.77,   710.41
  845.09,   738.84,   838.03
  602.00,   601.32,    99.64
  600.39,   602.35,   225.12
  599.21,   604.57,   348.75
  601.26,   726.78,    98.75
  599.56,   727.03,   222.74
  599.71,   728.75,   347.25
  600.18,   853.61,    97.34
  599.36,   852.36,   222.27
  600.10,   853.48,   346.13
  727.04,   600.53,   100.41
  725.89,   602.76,   225.67
  724.72,   603.78,   350.37
  726.63,   724.26,    99.81
  724.83,   727.52,   224.87
  726.01,   727.53,   348.86
  725.49,   852.63,    99.52
  724.70,   851.45,   224.62
  726.28,   851.36,   347.81
  851.48,   601.05,   101.22
  851.10,   601.93,   225.89
  849.50,   602.40,   351.59
  851.25,   724.26,   101.39
  850.69,   727.51,   226.67
  851.41,   727.50,   351.96
  852.42,   850.44,   101.31
  850.15,   851.36,   226.50
  851.47,   852.17,   350.12
  600.60,   600.84,   224.35
  601.80,   601.93,   347.82
  603.16,   602.39,   471.73
  601.41,   725.32,   222.62
  604.48,   726.32,   347.18
  606.45,   726.46,   472.02
  603.05,   850.70,   223.24
  606.52,   850.40,   347.02
  608.62,   850.57,   471.97
  726.08,   599.22,   221.62
  727.20,   599.17,   346.42
  728.34,   599.85,   470.70
  726.62,   724.06,   222.03
  730.59,   722.90,   346.36
  731.65,   722.70,   471.08
  728.53,   847.69,   222.89
  732.81,   846.93,   345.90
  734.48,   846.54,   470.41
  850.90,   596.84,   219.28
  852.29,   596.12,   345.22
  853.25,   596.86,   469.64
  852.53,   722.19,   220.87
  855.87,   721.35,   346.29
  855.55,   721.08,   470.51
  853.69,   845.99,   221.97
  857.70,   845.90,   345.75
  858.73,   846.32,   470.09
  600.93,   601.59,   349.99
  602.12,   605.14,   473.96
  603.59,   606.82,   600.36
  600.82,   725.71,   346.46
  602.57,   728.93,   470.99
  602.40,   731.53,   596.87
  600.16,   850.30,   343.11
  601.91,   853.17,   468.17
  601.39,   855.93,   593.72
  726.89,   601.65,   348.93
  727.18,   605.01,   473.07
  728.03,   607.53,   597.94
  727.17,   725.45,   345.69
  727.95,   728.09,   470.42
  725.58,   732.88,   594.76
  725.84,   849.31,   342.29
  727.69,   852.05,   466.56
  725.76,   856.67,   592.93
  851.56,   601.42,   347.87
  852.38,   604.97,   472.02
  852.88,   609.02,   596.28
  852.09,   726.83,   345.94
  851.81,   729.48,   469.78
  849.62,   734.91,   593.37
  851.44,   851.16,   342.34
  852.06,   854.01,   466.52
  849.77,   858.98,   591.60
  600.14,   601.64,   474.92
  602.81,   597.99,   601.10
  605.66,   593.31,   729.03
  600.90,   725.71,   477.67
  602.32,   723.11,   603.31
  602.98,   720.80,   729.95
  600.70,   850.00,   479.89
  601.66,   847.22,   605.77
  602.23,   845.68,   730.75
  725.14,   601.29,   472.13
  727.50,   598.30,   597.39
  729.69,   593.74,   723.92
  726.27,   724.57,   475.26
  725.65,   723.55,   599.64
  724.46,   723.10,   725.30
  726.97,   848.42,   476.90
  725.96,   847.49,   603.35
  724.28,   848.40,   729.18
  849.83,   600.52,   469.84
  852.12,   598.88,   594.20
  855.29,   596.65,   719.04
  850.15,   725.21,   473.13
  849.56,   725.16,   596.55
  850.45,   725.20,   721.82
  850.99,   849.55,   474.92
  849.67,   849.40,   600.21
  849.20,   849.70,   725.97
  599.96,   598.54,   601.67
  599.05,   593.46,   729.76
  598.39,   590.50,   855.46
  599.55,   723.46,   604.37
  596.92,   720.85,   730.75
  596.39,   717.72,   856.14
  599.14,   847.96,   607.21
  596.21,   845.52,   732.20
  596.68,   842.95,   857.06
  724.84,   598.29,   601.31
  723.09,   593.67,   728.20
  720.42,   590.01,   854.18
  722.66,   724.02,   604.14
  718.33,   722.75,   730.21
  717.06,   718.84,   857.54
  723.04,   847.86,   608.28
  718.22,   848.39,   733.86
  719.09,   846.03,   858.96
  849.26,   598.99,   601.98
  848.99,   596.12,   726.63
  847.51,   591.83,   851.66
  846.63,   725.33,   604.83
  843.70,   724.82,   730.02
  844.03,   719.82,   857.15
  846.94,   849.56,   608.85
  842.81,   849.31,   734.52
  843.59,   846.15,   861.73
