27, 125, pa2-unknown-g-output1.txt
  201.62,   191.88,   207.53
  404.02,   407.33,   197.67
  100.32,   102.30,    98.43
   97.81,    98.54,   223.17
   94.79,    94.59,   348.10
   96.46,   227.32,   102.00
   93.89,   223.24,   227.04
   90.86,   219.20,   351.90
   92.71,   352.24,   105.69
   90.07,   348.48,   230.69
   87.73,   344.62,   355.66
  225.20,   106.01,   101.00
  222.55,   102.45,   225.62
  219.53,    98.05,   350.60
  221.38,   230.96,   104.43
  218.71,   227.26,   229.43
  215.73,   223.01,   354.19
  217.85,   355.75,   108.69
  215.49,   352.03,   233.59
  212.71,   348.37,   358.18
  349.89,   108.52,   103.75
  347.15,   105.27,   228.96
  344.35,   102.16,   353.73
  346.47,   233.70,   107.04
  343.86,   230.28,   232.11
  340.98,   227.07,   357.00
  342.91,   358.95,   111.41
  340.28,   355.11,   235.92
  337.30,   351.41,   360.64
   98.58,    98.74,   223.15
   99.79,    94.94,   348.08
  101.12,    91.29,   473.04
   97.97,   223.53,   226.91
   99.13,   219.59,   351.76
  100.40,   216.13,   476.66
   97.51,   348.79,   230.51
   99.30,   345.13,   355.46
  100.95,   341.92,   480.38
  223.42,    99.47,   221.32
  224.61,    95.27,   346.32
  226.19,    91.45,   471.39
  222.87,   224.31,   224.99
  224.12,   220.30,   349.78
  225.41,   216.46,   474.70
  222.97,   349.12,   229.04
  224.39,   345.62,   353.65
  225.65,   342.47,   478.33
  348.06,    99.00,   220.40
  349.49,    96.11,   345.19
  351.25,    92.90,   470.11
  348.09,   224.07,   223.38
  349.45,   221.12,   348.31
  350.85,   217.92,   473.29
  347.82,   349.00,   227.06
  349.06,   345.47,   351.82
  350.17,   342.02,   476.77
  101.18,   101.49,   349.52
  104.18,   100.55,   474.45
  107.39,    99.81,   599.37
  102.69,   226.24,   350.40
  105.70,   225.53,   475.32
  109.09,   225.43,   600.21
  105.01,   351.85,   351.27
  108.40,   351.47,   476.17
  111.74,   351.62,   601.01
  225.95,    99.71,   346.01
  229.23,    98.64,   471.09
  232.79,    98.19,   596.09
  227.67,   224.82,   346.68
  230.71,   223.80,   471.59
  234.19,   223.58,   596.68
  230.06,   350.13,   347.72
  233.04,   349.74,   472.40
  236.21,   349.71,   597.30
  350.83,    98.42,   343.13
  354.32,    98.03,   468.06
  358.15,    97.38,   593.16
  352.94,   223.43,   343.44
  356.06,   223.02,   468.43
  359.88,   222.40,   593.46
  354.66,   347.80,   344.12
  357.48,   347.06,   469.09
  360.57,   346.36,   594.24
   97.84,    99.84,   474.31
   99.06,   101.51,   599.26
  100.28,   103.12,   724.56
   94.58,   224.79,   472.82
   96.01,   227.08,   597.70
   97.61,   229.40,   722.60
   92.40,   350.41,   471.36
   93.73,   352.85,   596.28
   95.36,   355.32,   721.07
  222.84,   102.59,   472.83
  224.40,   104.56,   597.84
  225.82,   106.88,   723.17
  219.48,   227.74,   471.00
  220.96,   230.03,   596.12
  222.83,   232.76,   721.18
  217.04,   353.78,   469.47
  218.29,   356.31,   594.38
  219.83,   358.73,   719.39
  347.99,   106.88,   471.71
  349.95,   108.72,   596.80
  351.60,   109.90,   722.19
  344.82,   231.73,   469.74
  346.57,   233.55,   594.79
  348.52,   235.25,   719.81
  341.45,   355.91,   468.03
  342.52,   357.75,   593.18
  344.02,   359.88,   718.27
  100.42,    97.41,   601.30
  102.12,    94.23,   726.58
  104.03,    90.59,   851.60
   99.52,   222.97,   604.50
  101.55,   220.41,   729.37
  103.68,   216.96,   854.30
   99.49,   348.93,   607.83
  101.57,   346.54,   732.59
  103.60,   342.88,   857.34
  225.81,    98.34,   599.49
  227.63,    95.79,   724.80
  229.93,    92.94,   849.51
  224.58,   223.76,   602.57
  226.90,   221.60,   727.63
  228.53,   218.30,   852.82
  224.07,   350.03,   605.60
  226.07,   347.55,   730.58
  227.89,   343.77,   855.75
  351.28,   100.21,   598.13
  353.25,    96.53,   723.55
  354.81,    93.31,   848.75
  350.31,   225.17,   600.86
  352.71,   221.96,   725.88
  353.66,   218.19,   851.74
  348.41,   349.31,   604.07
  350.46,   346.62,   729.07
  352.44,   343.79,   854.18
   99.32,   227.17,   101.52
  100.00,   224.36,   226.59
  100.19,   221.43,   351.49
   99.49,   352.16,   104.08
  100.14,   349.62,   229.18
  100.96,   347.00,   354.15
   99.89,   476.78,   106.60
  100.60,   474.51,   231.63
  101.76,   472.28,   356.45
  224.33,   226.93,   100.58
  224.91,   224.47,   225.63
  225.20,   221.51,   350.46
  224.69,   351.81,   103.69
  225.61,   349.31,   228.65
  226.06,   346.85,   353.29
  225.20,   476.53,   106.55
  226.06,   473.94,   231.49
  226.50,   471.84,   355.70
  349.49,   225.83,    99.81
  350.14,   223.61,   224.98
  350.53,   221.71,   349.94
  349.84,   351.17,   103.07
  350.45,   348.57,   227.61
  350.73,   346.07,   352.41
  349.80,   476.46,   106.11
  350.37,   473.71,   230.43
  350.72,   470.65,   354.77
  101.04,   226.35,   224.84
   97.69,   222.19,   349.69
   94.48,   218.61,   474.56
  102.29,   351.57,   228.69
   99.53,   347.71,   353.58
   96.68,   344.27,   478.49
  103.86,   476.39,   232.41
  101.42,   472.95,   357.13
   98.62,   469.70,   482.12
  225.92,   225.25,   227.40
  222.62,   221.05,   352.17
  219.36,   217.01,   477.07
  227.71,   350.04,   231.66
  224.58,   346.39,   356.25
  221.32,   343.08,   480.90
  229.23,   474.65,   235.74
  226.11,   471.36,   359.90
  222.93,   468.49,   484.50
  351.10,   223.23,   230.29
  347.90,   220.10,   355.17
  344.79,   216.66,   480.12
  352.49,   348.11,   234.14
  349.20,   344.43,   358.90
  345.79,   340.83,   483.82
  353.48,   473.19,   238.18
  350.27,   468.93,   362.50
  346.88,   465.12,   487.40
  101.19,   223.32,   351.69
   99.59,   222.92,   476.66
   98.37,   223.06,   601.56
  100.61,   348.92,   352.35
   99.39,   348.72,   477.32
   98.08,   349.00,   602.25
  100.04,   474.18,   352.64
   98.89,   474.15,   477.70
   97.52,   474.28,   602.72
  226.20,   224.74,   352.62
  224.58,   223.97,   477.59
  223.41,   224.06,   602.73
  225.70,   350.11,   353.45
  224.08,   350.03,   478.17
  222.66,   350.37,   603.11
  224.79,   475.11,   353.85
  223.22,   475.42,   478.49
  221.86,   475.85,   603.72
  351.51,   226.28,   354.04
  349.99,   226.05,   479.07
  349.17,   225.68,   604.13
  350.33,   350.64,   354.51
  348.52,   350.20,   479.51
  347.00,   349.87,   604.68
  348.99,   475.27,   354.87
  347.22,   474.61,   479.80
  345.50,   474.55,   605.26
   98.48,   225.12,   473.90
  102.27,   228.33,   598.74
  106.28,   231.65,   723.55
  100.47,   350.88,   471.45
  104.20,   354.32,   596.28
  108.21,   357.75,   721.01
  102.15,   476.30,   468.69
  105.85,   479.66,   593.62
  109.83,   482.65,   718.38
  223.40,   223.87,   469.79
  227.27,   227.03,   594.84
  231.54,   230.62,   719.85
  225.11,   349.86,   467.30
  228.70,   353.21,   592.14
  232.58,   356.49,   717.11
  226.43,   475.14,   464.50
  230.03,   478.57,   589.61
  233.91,   481.64,   714.93
  348.75,   223.68,   466.24
  352.92,   226.39,   591.24
  357.25,   228.89,   716.19
  349.55,   347.81,   463.58
  352.99,   350.44,   588.69
  356.85,   353.37,   713.71
  350.45,   472.14,   460.76
  353.71,   474.95,   586.11
  357.23,   478.28,   711.58
   99.66,   224.80,   601.21
  102.63,   226.70,   726.09
  105.69,   227.69,   851.02
  103.30,   350.79,   600.08
  106.30,   352.83,   724.86
  109.25,   353.61,   849.63
  106.68,   476.17,   598.73
  109.66,   477.79,   723.54
  112.40,   478.31,   848.39
  224.65,   221.80,   598.35
  227.90,   224.05,   723.42
  230.47,   225.18,   848.64
  227.80,   348.01,   596.96
  230.70,   349.94,   721.96
  233.50,   350.68,   847.11
  230.85,   473.40,   595.76
  233.73,   475.11,   721.09
  236.74,   475.59,   845.95
  350.37,   219.55,   595.75
  353.69,   220.69,   720.77
  355.60,   221.27,   846.59
  352.15,   343.63,   594.51
  355.06,   345.23,   719.55
  357.95,   346.82,   844.63
  354.51,   468.09,   593.29
  357.06,   470.08,   718.75
  360.50,   472.01,   843.49
   98.99,   348.81,   100.19
  101.07,   350.34,   225.30
  103.32,   351.78,   350.26
  100.89,   473.44,    98.61
  102.98,   475.19,   223.70
  105.56,   477.02,   348.48
  102.93,   597.85,    96.92
  104.95,   599.55,   222.00
  107.28,   601.57,   346.61
  224.13,   346.97,    98.37
  226.50,   348.51,   223.37
  228.40,   350.10,   348.02
  226.09,   471.72,    97.13
  228.41,   473.14,   222.17
  230.29,   475.02,   346.38
  228.00,   596.33,    95.20
  230.29,   597.72,   220.50
  231.90,   599.54,   344.38
  349.27,   344.80,    96.38
  351.33,   346.27,   220.93
  353.03,   347.80,   345.73
  350.73,   470.07,    95.37
  352.70,   471.45,   219.73
  354.48,   472.42,   344.04
  352.33,   595.17,    93.46
  354.31,   596.78,   218.39
  356.17,   597.64,   342.37
  101.13,   350.43,   225.69
  102.02,   346.52,   350.62
  102.79,   343.06,   475.53
   99.60,   475.26,   229.41
  100.85,   471.74,   354.21
  101.71,   468.49,   479.20
   98.07,   599.62,   233.04
   99.15,   596.33,   357.72
  100.04,   593.34,   482.51
  226.59,   352.07,   225.14
  227.13,   348.35,   349.75
  227.50,   344.95,   474.42
  225.07,   476.66,   229.26
  225.60,   473.29,   353.44
  226.03,   470.32,   478.03
  223.51,   601.17,   232.87
  223.77,   597.77,   356.73
  224.25,   594.71,   481.21
  351.41,   353.32,   224.08
  351.77,   349.52,   348.83
  351.99,   345.82,   473.78
  349.36,   478.43,   228.20
  349.80,   474.10,   352.48
  350.06,   470.13,   477.36
  347.56,   603.64,   232.16
  348.07,   599.22,   356.10
  348.62,   595.29,   480.79
  101.93,   349.71,   348.35
  105.45,   346.78,   473.22
  108.91,   344.39,   598.02
   98.87,   474.87,   351.51
  102.49,   472.15,   476.45
  105.91,   469.68,   601.37
   95.27,   599.42,   354.62
   98.94,   596.93,   479.36
  102.42,   594.22,   604.28
  226.96,   353.47,   344.78
  230.09,   350.58,   469.40
  233.39,   348.04,   594.25
  223.56,   478.35,   348.06
  226.73,   475.86,   472.58
  230.08,   473.46,   597.71
  219.86,   602.79,   350.93
  223.07,   600.21,   475.32
  226.72,   597.80,   600.82
  351.51,   356.55,   341.13
  354.47,   353.31,   466.04
  357.68,   350.14,   591.15
  347.68,   481.17,   344.39
  350.69,   477.65,   469.18
  353.69,   474.68,   594.55
  344.08,   606.28,   347.60
  347.39,   602.83,   472.18
  350.84,   600.18,   597.86
  100.02,   352.01,   476.34
  101.99,   352.96,   601.24
  104.25,   353.87,   726.04
  102.78,   477.47,   476.03
  104.73,   478.33,   601.03
  106.97,   478.80,   725.84
  104.95,   602.31,   475.33
  106.96,   602.98,   600.35
  108.96,   602.83,   725.70
  224.66,   349.98,   473.90
  226.52,   350.89,   598.82
  228.69,   351.71,   723.84
  227.07,   475.30,   473.56
  228.95,   476.30,   598.77
  231.11,   476.89,   724.12
  229.15,   599.66,   472.79
  231.31,   600.61,   598.35
  233.77,   601.28,   724.37
  349.11,   346.89,   471.93
  350.86,   347.12,   597.09
  353.04,   347.65,   722.15
  351.09,   471.22,   471.57
  352.61,   471.66,   597.01
  354.46,   472.56,   722.50
  353.54,   596.40,   471.08
  355.50,   597.12,   596.81
  357.67,   598.31,   722.94
   98.33,   350.62,   600.39
   95.80,   349.97,   725.19
   93.33,   348.27,   849.95
   97.37,   475.89,   601.67
   94.78,   474.77,   726.39
   92.01,   472.89,   851.25
   95.95,   600.61,   602.48
   92.99,   598.85,   727.70
   89.88,   596.78,   852.82
  222.89,   352.37,   602.76
  220.29,   351.77,   727.74
  217.53,   349.81,   852.88
  221.69,   477.84,   604.17
  219.13,   476.99,   729.45
  216.58,   474.69,   854.24
  220.38,   602.15,   605.20
  218.08,   601.27,   731.13
  215.33,   599.02,   855.91
  347.18,   352.22,   605.83
  344.60,   351.41,   730.84
  342.01,   350.39,   855.94
  345.29,   476.92,   607.23
  342.47,   476.45,   732.66
  340.54,   475.57,   857.26
  344.56,   602.43,   608.51
  342.03,   602.14,   734.60
  339.77,   600.87,   859.23
  100.33,   473.61,    99.95
  103.79,   474.85,   225.02
  107.71,   476.18,   349.77
  100.26,   598.05,    98.82
  103.63,   599.24,   223.85
  107.33,   600.74,   348.45
  100.38,   722.90,    97.26
  103.26,   723.94,   222.63
  106.75,   725.18,   346.79
  225.52,   473.99,    97.09
  229.19,   474.89,   222.11
  232.40,   476.24,   346.28
  225.35,   598.59,    95.70
  228.97,   599.48,   220.98
  231.92,   600.79,   344.83
  225.24,   723.31,    93.98
  228.81,   724.28,   219.36
  231.32,   725.25,   343.18
  350.13,   474.44,    93.96
  353.45,   475.32,   218.31
  356.58,   475.75,   342.58
  349.66,   599.54,    92.56
  352.98,   600.66,   217.52
  356.18,   601.01,   341.47
  349.70,   724.44,    90.63
  352.37,   726.07,   216.32
  355.65,   726.67,   340.16
  100.35,   474.32,   226.21
   97.54,   477.00,   350.97
   94.39,   479.86,   476.01
  103.45,   598.64,   223.72
  100.38,   601.56,   348.33
   97.22,   604.77,   473.08
  106.39,   723.26,   221.14
  103.05,   725.99,   345.32
   99.62,   729.26,   469.51
  225.75,   471.21,   230.10
  222.24,   474.08,   354.28
  218.66,   477.39,   478.85
  228.75,   595.75,   227.63
  224.98,   598.52,   351.45
  221.39,   601.65,   475.83
  231.76,   720.51,   224.69
  227.60,   722.86,   348.44
  224.00,   725.45,   472.52
  350.00,   468.40,   233.06
  346.37,   470.35,   357.39
  342.57,   472.72,   482.25
  352.73,   593.68,   230.90
  349.20,   595.46,   354.86
  345.71,   597.81,   479.51
  355.34,   719.10,   228.41
  351.94,   721.05,   352.18
  349.06,   723.52,   476.63
   99.68,   475.76,   351.28
  100.06,   474.38,   476.33
  100.22,   473.18,   601.34
  100.91,   600.37,   352.89
  101.30,   599.27,   477.69
  101.54,   597.91,   602.72
  101.96,   724.87,   354.10
  102.07,   723.74,   478.42
  101.99,   721.87,   603.91
  224.45,   474.35,   350.96
  224.39,   473.27,   475.58
  224.54,   472.29,   600.79
  225.56,   598.86,   352.37
  225.53,   597.65,   476.85
  225.95,   596.64,   602.42
  226.55,   723.23,   353.58
  226.55,   721.54,   477.81
  227.22,   720.32,   603.74
  348.66,   472.22,   350.42
  348.42,   470.14,   475.33
  348.20,   468.64,   600.77
  349.86,   597.38,   352.16
  349.92,   595.31,   476.87
  350.11,   594.07,   602.63
  350.98,   722.97,   353.71
  351.68,   721.12,   478.27
  352.75,   720.04,   604.30
   99.67,   475.26,   473.29
  101.51,   478.84,   598.25
  103.65,   482.04,   723.01
   99.38,   600.10,   469.95
  101.27,   603.49,   594.88
  103.10,   606.04,   720.14
   98.67,   724.64,   465.97
  100.19,   727.50,   591.28
  101.97,   729.69,   717.02
  224.00,   475.62,   470.88
  225.79,   479.36,   596.05
  227.87,   482.69,   721.38
  223.61,   599.96,   467.41
  225.66,   603.62,   592.86
  228.04,   607.00,   718.87
  223.08,   723.82,   463.64
  225.33,   727.25,   589.34
  228.05,   730.69,   716.00
  348.03,   474.00,   468.96
  349.47,   477.18,   594.36
  351.23,   480.83,   719.86
  348.01,   599.18,   465.75
  349.91,   602.64,   591.41
  352.06,   606.57,   717.56
  348.13,   724.90,   462.40
  350.91,   728.53,   588.23
  353.65,   732.43,   714.90
  101.34,   476.16,   601.71
  102.81,   474.82,   726.49
  104.05,   472.51,   851.36
  100.75,   600.84,   602.91
  101.93,   598.84,   728.19
  102.91,   596.39,   853.29
   99.31,   724.84,   603.92
  100.45,   722.52,   729.66
  101.33,   720.35,   854.74
  225.64,   477.12,   600.20
  227.04,   475.91,   725.53
  228.53,   473.37,   850.37
  225.18,   601.45,   601.62
  226.87,   600.28,   727.61
  228.21,   597.79,   852.48
  224.53,   725.11,   602.73
  226.56,   724.00,   729.38
  227.35,   721.96,   854.39
  349.31,   475.36,   599.21
  350.41,   474.47,   724.69
  352.42,   473.38,   849.38
  349.39,   600.87,   600.85
  350.83,   600.23,   726.99
  352.57,   598.80,   851.79
  350.13,   726.81,   602.31
  352.07,   726.11,   728.99
  352.76,   724.17,   854.15
  102.23,   598.24,    99.21
  104.41,   601.05,   224.24
  106.90,   604.18,   348.83
  100.73,   723.05,    96.04
  102.40,   725.73,   221.41
  104.71,   728.61,   345.57
   98.94,   848.39,    93.07
  100.32,   851.25,   218.36
  102.82,   853.56,   342.36
  227.32,   600.38,    97.26
  229.75,   602.89,   222.50
  231.50,   605.82,   346.34
  225.60,   725.06,    93.90
  227.99,   727.66,   219.27
  229.30,   730.23,   343.08
  224.08,   850.27,    90.48
  225.89,   853.03,   215.86
  227.23,   855.16,   339.87
  351.63,   602.94,    95.26
  353.76,   605.67,   220.19
  355.78,   607.67,   344.14
  350.07,   727.78,    91.70
  351.53,   731.04,   217.37
  353.63,   733.28,   341.19
  348.06,   852.72,    88.71
  349.01,   856.29,   213.80
  351.56,   858.64,   337.65
  100.01,   598.20,   226.71
  100.21,   601.53,   351.37
  100.25,   605.19,   476.12
  100.79,   722.84,   223.66
  100.80,   726.01,   347.85
  100.58,   729.65,   472.07
  101.54,   848.32,   220.34
  101.68,   850.90,   344.35
  101.15,   853.75,   468.98
  225.44,   597.26,   227.37
  224.87,   600.48,   351.24
  224.49,   604.00,   475.65
  226.43,   722.02,   223.91
  225.43,   724.83,   347.71
  225.04,   727.84,   471.83
  227.10,   847.38,   220.26
  226.11,   849.70,   344.24
  225.78,   852.14,   468.80
  349.50,   597.23,   227.44
  349.18,   599.47,   351.41
  348.91,   602.20,   476.07
  350.04,   722.63,   224.40
  349.82,   725.05,   348.21
  350.18,   727.97,   472.67
  350.27,   847.96,   220.63
  350.49,   850.49,   344.47
  351.16,   853.27,   469.35
  101.12,   598.31,   348.84
  102.33,   601.94,   473.58
  103.38,   605.32,   598.55
  102.87,   722.74,   345.36
  103.82,   726.31,   469.54
  104.50,   729.20,   594.92
  104.90,   847.59,   341.84
  105.53,   850.35,   466.39
  105.98,   853.15,   592.08
  225.78,   596.07,   347.60
  226.55,   599.56,   471.98
  227.78,   603.24,   597.49
  227.50,   720.44,   344.11
  228.26,   723.43,   468.20
  229.73,   726.88,   593.98
  229.30,   845.32,   340.63
  230.14,   847.72,   465.10
  231.72,   851.01,   591.21
  350.06,   593.88,   346.61
  350.94,   596.53,   471.24
  351.99,   600.03,   596.94
  351.86,   719.46,   343.47
  353.35,   722.31,   467.88
  355.29,   725.97,   593.77
  353.65,   844.93,   339.75
  355.51,   847.70,   464.54
  357.77,   851.13,   590.72
  101.31,   598.67,   474.03
  100.82,   602.57,   598.99
  100.23,   605.60,   724.25
   99.97,   723.14,   469.51
   99.12,   726.57,   594.86
   98.48,   729.30,   720.56
   98.83,   847.32,   465.75
   97.70,   850.63,   591.40
   97.44,   854.02,   716.57
  225.54,   599.20,   473.88
  225.25,   603.43,   599.38
  225.26,   607.31,   725.36
  224.40,   723.04,   469.55
  224.30,   727.02,   595.31
  224.61,   730.94,   721.94
  223.43,   847.26,   465.92
  223.38,   851.07,   592.02
  223.74,   855.17,   718.00
  349.95,   599.06,   474.60
  349.49,   603.15,   600.32
  349.30,   607.64,   726.45
  349.51,   724.80,   470.69
  349.92,   729.01,   596.60
  350.24,   733.41,   723.26
  348.79,   850.09,   466.83
  349.48,   854.03,   593.01
  349.69,   858.22,   719.47
  100.16,   602.91,   598.16
   98.62,   602.51,   723.45
   96.87,   601.67,   848.60
  103.00,   726.84,   597.49
  101.47,   726.20,   723.29
   99.66,   725.69,   848.40
  106.14,   850.75,   597.58
  104.99,   850.78,   722.80
  103.54,   851.16,   847.66
  224.53,   599.24,   599.54
  223.57,   599.71,   725.52
  222.23,   598.86,   850.42
  228.19,   722.87,   599.03
  227.52,   723.39,   725.68
  225.69,   722.99,   850.76
  231.91,   846.98,   599.23
  231.30,   847.63,   725.32
  228.68,   847.76,   850.26
  348.64,   594.30,   601.46
  347.41,   595.32,   727.57
  346.54,   595.52,   852.36
  353.67,   720.21,   601.32
  352.93,   721.16,   727.98
  351.00,   720.88,   853.15
  358.00,   845.47,   601.25
  357.20,   846.20,   727.80
  354.53,   845.52,   853.32
  223.53,   100.13,    99.17
  226.18,    98.98,   223.81
  228.43,    97.00,   348.83
  222.45,   225.17,   100.24
  225.08,   223.87,   225.28
  227.41,   222.09,   350.11
  221.63,   350.07,   102.19
  224.61,   348.73,   227.16
  227.10,   347.43,   351.79
  348.25,   100.06,    96.53
  350.81,    99.08,   221.82
  353.32,    98.43,   346.62
  347.58,   225.26,    97.45
  350.28,   224.18,   222.60
  352.72,   223.44,   347.56
  346.76,   350.60,    99.57
  349.43,   349.17,   224.10
  351.74,   347.82,   348.88
  473.34,   100.38,    93.98
  476.23,    99.24,   219.54
  478.64,    99.66,   344.20
  472.89,   225.57,    95.02
  475.56,   224.41,   220.17
  477.88,   224.45,   345.04
  471.56,   351.26,    96.88
  473.82,   349.99,   221.13
  476.49,   348.42,   346.12
  226.04,   102.27,   224.00
  227.65,   100.07,   349.04
  229.65,    98.24,   474.13
  226.90,   227.16,   225.66
  228.60,   225.19,   350.50
  230.33,   223.39,   475.44
  228.35,   352.00,   227.71
  230.20,   350.51,   352.34
  231.89,   349.36,   477.05
  350.71,   100.45,   222.63
  352.57,    99.60,   347.44
  354.78,    98.42,   472.39
  352.10,   225.54,   223.60
  353.90,   224.60,   348.56
  355.73,   223.40,   473.58
  353.16,   350.52,   225.26
  354.83,   348.95,   350.05
  356.36,   347.44,   475.05
  476.13,    98.70,   220.98
  477.90,    98.90,   345.65
  480.02,    98.21,   470.31
  477.40,   223.85,   221.79
  479.07,   223.70,   346.67
  481.03,   222.86,   471.67
  477.56,   349.43,   222.91
  479.60,   347.65,   347.93
  481.52,   345.79,   473.32
  223.45,    99.71,   349.51
  220.85,   101.83,   474.55
  218.50,   104.60,   599.51
  226.68,   224.78,   347.03
  223.87,   227.00,   471.95
  221.48,   230.09,   597.03
  230.60,   350.04,   344.94
  227.78,   352.95,   469.61
  225.15,   356.28,   594.51
  348.31,    96.97,   352.53
  345.98,    99.77,   477.45
  344.01,   102.38,   602.53
  351.92,   221.94,   349.70
  349.21,   224.71,   474.68
  347.14,   227.32,   599.69
  355.17,   346.24,   347.24
  352.17,   348.77,   472.20
  349.41,   351.42,   597.32
  473.54,    94.08,   355.37
  471.18,    97.33,   480.00
  469.12,    99.43,   604.99
  477.05,   218.85,   352.43
  474.48,   221.97,   477.41
  472.54,   224.21,   602.43
  479.90,   342.68,   349.74
  477.24,   344.84,   475.10
  474.48,   347.13,   600.44
  223.71,    98.48,   475.68
  222.93,    95.25,   600.64
  221.90,    92.28,   725.94
  226.77,   223.58,   479.07
  225.94,   220.59,   604.16
  225.44,   218.01,   729.23
  230.73,   349.52,   482.72
  229.63,   346.76,   607.62
  228.85,   343.88,   732.60
  348.83,    96.21,   476.90
  348.28,    92.71,   602.03
  347.37,    88.65,   727.47
  352.16,   221.17,   480.14
  351.72,   217.76,   605.14
  351.28,   214.07,   730.19
  355.15,   345.16,   483.67
  354.02,   341.78,   608.79
  353.31,   338.68,   733.76
  474.02,    93.56,   477.79
  473.33,    89.50,   602.82
  472.42,    84.93,   728.16
  477.46,   218.26,   481.17
  477.11,   214.50,   606.16
  476.45,   209.91,   731.34
  480.29,   341.08,   484.92
  479.15,   337.43,   610.22
  478.11,   334.28,   735.11
  225.10,    99.71,   601.13
  226.30,    98.31,   726.47
  227.96,    96.59,   851.20
  226.88,   225.16,   603.03
  228.58,   224.15,   728.12
  229.57,   221.99,   853.35
  229.32,   351.37,   604.89
  230.70,   350.04,   729.91
  231.92,   347.45,   855.10
  350.56,    98.55,   600.36
  351.90,    96.02,   725.81
  352.85,    93.98,   851.02
  352.62,   223.56,   601.90
  354.38,   221.46,   726.96
  354.68,   218.83,   852.85
  353.68,   347.63,   603.94
  355.09,   346.07,   728.97
  356.44,   344.43,   854.10
  475.68,    96.72,   598.99
  477.02,    93.60,   724.44
  477.76,    91.53,   849.74
  478.01,   221.57,   600.83
  479.56,   218.63,   725.99
  479.83,   215.74,   851.97
  478.82,   344.52,   603.27
  479.88,   342.97,   728.24
  481.11,   341.85,   852.95
  223.29,   225.74,   100.36
  221.35,   222.72,   225.39
  219.11,   219.15,   350.19
  226.16,   350.57,   104.07
  224.55,   347.51,   229.01
  222.49,   344.49,   353.63
  229.15,   475.25,   107.57
  227.50,   472.10,   232.45
  225.44,   469.45,   356.65
  348.40,   222.08,   102.04
  346.52,   219.33,   227.19
  344.39,   216.84,   352.11
  351.27,   347.36,   105.86
  349.37,   344.21,   230.41
  347.13,   341.19,   355.20
  353.71,   472.62,   109.53
  351.77,   469.28,   233.81
  349.61,   465.69,   358.17
  473.74,   218.54,   104.11
  471.84,   215.84,   229.25
  469.58,   214.24,   354.09
  476.01,   344.28,   107.58
  473.79,   341.25,   231.93
  471.88,   338.06,   356.96
  478.00,   470.00,   110.94
  476.00,   466.69,   234.99
  474.41,   462.38,   359.89
  225.69,   226.60,   223.43
  225.16,   225.64,   348.29
  224.65,   224.84,   473.26
  229.38,   351.40,   224.47
  229.01,   350.94,   349.14
  228.49,   350.83,   473.87
  232.81,   476.01,   225.35
  232.42,   475.84,   349.57
  231.92,   476.08,   474.20
  350.86,   222.71,   223.59
  350.42,   222.79,   348.58
  350.02,   222.58,   473.61
  354.17,   347.65,   224.24
  353.62,   347.13,   349.07
  352.92,   346.66,   474.08
  357.05,   472.81,   225.09
  356.60,   471.69,   349.46
  355.95,   470.92,   474.40
  476.16,   218.75,   224.03
  475.58,   219.67,   348.92
  475.31,   219.85,   473.94
  478.57,   344.27,   224.13
  478.37,   343.56,   349.18
  478.03,   342.75,   474.59
  481.26,   469.82,   224.63
  481.42,   468.05,   349.54
  481.12,   466.59,   475.02
  224.09,   226.63,   347.91
  220.93,   223.48,   472.81
  218.20,   221.19,   597.90
  227.03,   351.93,   351.12
  223.88,   349.51,   475.79
  220.94,   347.50,   600.67
  229.52,   476.85,   353.90
  226.43,   474.83,   478.49
  223.56,   472.95,   603.67
  349.34,   224.64,   350.78
  346.30,   222.09,   475.74
  343.95,   219.40,   600.74
  351.61,   348.96,   353.64
  348.29,   346.22,   478.59
  345.29,   343.59,   603.68
  353.68,   473.51,   356.38
  350.40,   470.51,   481.29
  347.15,   468.14,   606.68
  474.47,   222.40,   353.71
  471.59,   220.22,   478.68
  469.39,   217.20,   603.67
  476.35,   346.22,   356.36
  473.35,   343.10,   481.70
  470.35,   340.16,   607.00
  478.50,   470.63,   359.09
  475.49,   466.91,   484.51
  471.93,   464.23,   610.04
  225.67,   223.78,   473.22
  222.94,   224.97,   598.33
  220.56,   226.64,   723.39
  227.50,   349.79,   472.71
  224.54,   351.25,   597.62
  221.89,   352.64,   722.62
  228.96,   475.11,   471.93
  226.05,   476.68,   597.12
  223.43,   477.85,   722.43
  351.05,   223.55,   476.25
  348.67,   224.29,   601.28
  346.35,   224.88,   726.30
  351.93,   347.66,   475.60
  348.86,   348.45,   600.73
  346.22,   349.57,   725.75
  352.97,   472.00,   474.79
  349.68,   473.05,   600.21
  346.76,   474.54,   725.66
  476.35,   222.80,   479.26
  474.08,   223.18,   604.30
  471.55,   222.89,   729.43
  477.03,   345.72,   478.79
  473.94,   346.18,   604.14
  470.94,   347.25,   729.09
  478.10,   469.63,   478.09
  474.54,   470.37,   603.66
  471.02,   472.24,   728.91
  223.64,   225.70,   597.73
  220.89,   226.33,   722.79
  217.56,   225.85,   847.93
  224.64,   351.99,   598.05
  221.62,   352.35,   723.03
  218.47,   351.41,   848.15
  225.55,   477.44,   598.57
  222.57,   477.57,   723.87
  219.63,   476.32,   848.68
  349.36,   225.59,   601.05
  346.68,   225.15,   726.06
  342.61,   224.22,   851.87
  348.95,   349.76,   601.52
  345.94,   349.86,   726.54
  342.93,   349.80,   851.62
  349.18,   474.38,   602.03
  345.90,   474.85,   727.47
  343.52,   474.99,   852.11
  474.75,   225.03,   604.44
  471.86,   223.73,   729.55
  467.67,   222.53,   855.48
  474.01,   348.04,   605.30
  470.64,   348.11,   730.24
  467.53,   348.64,   854.91
  474.01,   472.27,   605.84
  470.13,   473.13,   731.08
  467.69,   474.28,   855.32
  223.64,   350.03,    99.19
  227.42,   350.95,   224.15
  230.73,   351.93,   348.77
  223.15,   474.78,    98.60
  226.89,   475.59,   223.61
  230.17,   476.87,   347.78
  222.65,   599.38,    97.33
  226.33,   600.18,   222.58
  229.34,   601.41,   346.43
  348.74,   350.32,    95.79
  352.21,   351.16,   220.28
  355.32,   352.04,   345.04
  347.75,   475.60,    95.40
  351.15,   476.37,   219.75
  354.34,   476.71,   344.01
  346.95,   600.69,    94.11
  350.33,   601.69,   219.06
  353.60,   601.96,   343.00
  473.56,   350.73,    92.31
  476.57,   351.76,   216.50
  480.04,   352.43,   341.46
  472.19,   476.35,    91.72
  475.30,   477.41,   215.64
  479.10,   477.10,   340.39
  471.41,   601.72,    90.61
  474.74,   603.03,   215.13
  478.42,   602.92,   339.55
  226.13,   350.14,   226.63
  224.53,   349.86,   351.30
  222.79,   349.94,   476.02
  227.90,   474.78,   227.35
  226.30,   474.83,   351.57
  224.60,   475.30,   476.20
  229.62,   599.38,   227.58
  227.76,   599.34,   351.47
  226.08,   599.66,   475.93
  350.95,   348.06,   227.64
  349.17,   347.72,   352.47
  347.24,   347.45,   477.46
  352.19,   473.22,   228.34
  350.49,   472.33,   352.70
  348.61,   471.82,   477.62
  353.66,   598.55,   228.91
  352.05,   597.52,   352.92
  350.47,   597.00,   477.63
  475.37,   346.34,   228.77
  473.93,   345.78,   353.82
  472.32,   345.13,   479.22
  476.42,   471.89,   229.12
  475.30,   470.28,   354.01
  473.72,   469.03,   479.47
  478.12,   597.53,   229.86
  476.92,   596.04,   354.40
  475.61,   594.94,   479.50
  225.04,   351.58,   350.84
  225.56,   354.04,   475.54
  226.28,   356.89,   600.47
  228.36,   476.47,   348.71
  228.90,   479.26,   473.30
  229.66,   482.18,   598.52
  231.38,   600.93,   346.23
  231.94,   603.55,   470.62
  232.96,   606.40,   596.16
  349.65,   347.86,   349.79
  349.98,   349.92,   474.78
  350.57,   352.07,   599.94
  352.54,   472.43,   347.62
  352.92,   474.21,   472.52
  353.31,   476.58,   597.96
  355.65,   597.60,   345.47
  356.35,   599.38,   470.13
  357.19,   602.03,   595.84
  474.39,   344.37,   348.92
  475.07,   346.06,   474.30
  475.67,   347.88,   599.69
  477.31,   468.88,   346.71
  478.06,   469.94,   472.15
  478.24,   472.02,   597.75
  480.49,   594.60,   344.71
  481.50,   595.83,   469.77
  482.24,   598.19,   595.40
  224.61,   351.59,   476.36
  222.36,   350.92,   601.28
  220.42,   350.15,   726.28
  225.33,   476.95,   477.69
  223.14,   476.39,   602.90
  221.22,   475.38,   728.20
  225.72,   601.32,   478.57
  223.81,   600.70,   604.15
  222.16,   599.69,   730.10
  349.05,   350.14,   478.52
  346.70,   348.83,   603.66
  344.79,   347.82,   728.69
  349.33,   474.52,   479.83
  346.77,   473.47,   605.27
  344.58,   472.81,   730.71
  350.12,   599.74,   480.99
  347.99,   598.95,   606.77
  346.09,   598.50,   732.86
  474.14,   348.85,   481.00
  471.77,   347.23,   606.35
  469.51,   346.20,   731.30
  474.45,   472.80,   482.41
  471.59,   471.45,   607.99
  468.81,   471.21,   733.23
  475.27,   598.78,   483.58
  472.97,   597.70,   609.27
  470.58,   597.52,   734.99
  224.87,   351.40,   600.86
  223.35,   349.27,   725.84
  221.68,   345.85,   850.98
  223.31,   476.85,   603.79
  221.82,   474.49,   729.07
  220.36,   470.71,   853.85
  221.66,   601.16,   606.35
  220.44,   598.79,   732.28
  218.79,   595.03,   857.03
  349.18,   351.60,   602.87
  347.70,   349.25,   727.88
  346.19,   346.74,   852.98
  346.94,   476.26,   605.78
  345.18,   474.26,   731.21
  344.32,   471.91,   855.81
  345.85,   601.76,   608.59
  344.38,   599.95,   734.67
  343.22,   597.19,   859.27
  474.23,   352.30,   605.19
  472.39,   349.98,   730.12
  470.81,   348.07,   854.78
  471.76,   476.58,   608.11
  469.40,   475.01,   733.35
  468.51,   473.70,   857.56
  470.84,   602.88,   610.69
  468.90,   601.33,   736.42
  467.64,   599.35,   860.91
  224.72,   473.50,   100.26
  226.95,   475.98,   225.26
  228.73,   478.95,   349.44
  225.04,   598.09,    97.30
  227.22,   600.54,   222.54
  228.73,   603.44,   346.39
  225.40,   722.79,    93.97
  227.55,   725.32,   219.34
  228.62,   727.85,   343.16
  349.36,   473.48,    98.55
  351.25,   475.90,   222.90
  352.94,   477.92,   347.18
  349.37,   598.56,    95.61
  351.26,   601.20,   220.52
  353.03,   603.15,   344.47
  349.88,   723.43,    92.09
  351.13,   726.60,   217.74
  352.98,   728.77,   341.57
  473.79,   473.41,    96.33
  475.45,   476.06,   220.29
  477.74,   477.42,   345.09
  473.86,   598.76,    93.59
  475.70,   601.68,   218.10
  477.88,   603.24,   342.54
  474.45,   723.77,    90.42
  476.43,   727.04,   215.74
  478.30,   729.51,   339.79
  226.11,   474.36,   224.82
  225.10,   475.79,   349.05
  223.98,   477.66,   473.65
  228.54,   598.93,   223.67
  227.26,   600.28,   347.56
  226.14,   601.98,   471.98
  230.99,   723.72,   222.04
  229.29,   724.69,   345.88
  228.19,   725.88,   470.02
  350.41,   472.12,   225.27
  349.29,   472.64,   349.61
  347.99,   473.51,   474.52
  352.56,   597.43,   224.44
  351.53,   597.81,   348.44
  350.54,   598.68,   473.12
  354.59,   722.86,   223.25
  353.67,   723.44,   347.10
  353.30,   724.49,   471.58
  474.62,   470.11,   225.48
  474.07,   469.93,   350.35
  473.09,   470.06,   475.79
  476.99,   595.74,   224.82
  476.38,   595.68,   349.35
  475.67,   595.97,   474.43
  479.91,   721.16,   224.05
  478.95,   722.02,   348.14
  478.62,   723.00,   472.73
  223.93,   474.09,   350.99
  220.57,   472.10,   475.56
  217.41,   470.24,   600.70
  220.18,   598.55,   353.25
  216.84,   596.47,   477.68
  213.96,   594.55,   603.17
  216.31,   722.79,   355.28
  212.94,   720.20,   479.45
  210.19,   718.01,   605.28
  348.04,   476.75,   353.87
  344.48,   473.80,   478.73
  340.97,   471.46,   604.11
  344.39,   601.86,   356.44
  341.12,   598.94,   481.10
  338.02,   596.85,   606.83
  340.62,   727.31,   358.78
  337.97,   724.52,   483.31
  335.69,   722.49,   609.34
  472.77,   479.85,   356.96
  469.47,   476.12,   482.34
  465.64,   473.45,   607.87
  469.16,   605.58,   359.71
  466.15,   602.05,   484.73
  462.89,   599.66,   610.40
  465.78,   731.88,   362.18
  463.29,   729.03,   486.83
  461.04,   726.86,   612.68
  227.02,   476.16,   474.83
  224.51,   474.17,   600.00
  222.27,   471.74,   725.26
  224.40,   600.53,   477.10
  222.17,   598.49,   602.63
  220.20,   596.06,   728.53
  221.64,   724.36,   479.05
  219.60,   722.07,   604.93
  217.90,   719.63,   731.49
  351.01,   476.74,   477.34
  348.13,   474.25,   602.75
  345.61,   472.15,   728.16
  348.77,   601.97,   479.88
  346.33,   599.73,   605.62
  344.10,   597.83,   731.68
  346.76,   727.71,   482.26
  345.17,   725.57,   608.30
  343.38,   723.55,   734.91
  476.11,   478.07,   480.29
  472.95,   475.26,   605.85
  469.83,   473.57,   731.08
  473.90,   604.07,   482.83
  471.31,   601.53,   608.49
  468.60,   599.87,   734.21
  472.12,   731.09,   485.06
  470.53,   728.77,   610.87
  468.43,   726.59,   737.25
  225.27,   478.54,   599.00
  227.22,   480.03,   724.35
  229.25,   480.20,   849.20
  228.67,   602.77,   597.64
  230.91,   604.33,   723.67
  232.80,   604.63,   848.62
  231.95,   726.45,   595.97
  234.54,   728.10,   722.67
  235.94,   728.88,   847.83
  348.90,   472.85,   597.49
  350.53,   474.65,   722.98
  353.05,   476.29,   847.70
  352.83,   598.24,   596.36
  354.80,   600.34,   722.50
  357.09,   601.72,   847.41
  357.46,   724.23,   595.02
  359.98,   726.28,   721.70
  361.32,   727.18,   847.05
  473.76,   468.10,   596.32
  474.83,   470.30,   721.64
  477.16,   472.95,   846.00
  477.83,   594.22,   594.98
  479.33,   596.54,   720.71
  481.40,   598.68,   845.45
  482.69,   721.45,   593.28
  484.91,   723.30,   719.59
  486.50,   724.31,   845.04
  226.29,   598.19,   102.60
  225.76,   597.50,   227.77
  224.62,   597.28,   351.67
  230.01,   722.88,   102.48
  229.30,   722.26,   227.76
  227.75,   721.63,   351.58
  233.81,   848.10,   102.18
  232.51,   847.63,   227.55
  230.99,   846.47,   351.53
  350.55,   595.48,   103.57
  349.77,   594.84,   228.37
  348.87,   593.62,   352.38
  354.27,   720.43,   103.38
  352.90,   720.25,   228.79
  352.14,   719.19,   352.65
  357.41,   845.45,   103.47
  355.72,   845.59,   228.49
  355.44,   844.67,   352.37
  474.95,   592.49,   104.12
  474.16,   592.02,   228.58
  473.68,   590.29,   353.12
  478.89,   717.51,   104.33
  478.15,   717.46,   229.42
  477.35,   716.63,   353.53
  481.99,   842.29,   104.59
  481.26,   842.26,   229.66
  481.15,   841.97,   353.42
  224.42,   600.16,   226.80
  225.56,   598.26,   350.69
  226.88,   596.69,   475.13
  222.68,   724.89,   228.44
  223.40,   722.61,   352.26
  224.74,   720.58,   476.47
  220.60,   850.23,   229.95
  221.35,   847.37,   353.89
  222.74,   844.77,   478.52
  348.45,   602.89,   225.19
  349.84,   600.00,   349.15
  351.27,   597.55,   473.82
  346.26,   728.25,   227.24
  347.78,   725.55,   351.06
  349.84,   723.34,   475.58
  343.84,   853.54,   228.51
  345.76,   850.93,   352.43
  348.16,   848.65,   477.43
  472.90,   605.49,   223.20
  474.68,   602.16,   347.65
  476.42,   599.12,   472.68
  471.51,   730.88,   225.67
  473.03,   728.44,   349.71
  475.17,   726.14,   474.29
  468.93,   855.67,   227.47
  471.40,   853.60,   351.21
  473.77,   851.77,   476.15
  226.18,   599.53,   351.13
  229.15,   602.11,   475.52
  232.58,   604.90,   601.06
  223.65,   723.87,   348.57
  226.62,   726.00,   472.69
  230.32,   728.60,   598.53
  221.24,   848.69,   346.06
  224.26,   850.26,   470.60
  228.03,   852.71,   596.72
  350.43,   601.59,   347.89
  353.53,   603.36,   472.50
  356.82,   605.97,   598.22
  347.97,   727.15,   345.65
  351.69,   729.17,   470.07
  355.89,   731.97,   596.00
  345.54,   852.54,   342.86
  349.56,   854.42,   467.71
  354.01,   856.99,   593.92
  475.23,   604.10,   344.65
  478.67,   605.32,   469.63
  481.91,   607.65,   595.22
  473.19,   730.36,   342.57
  476.99,   732.32,   467.05
  481.17,   734.90,   592.65
  471.10,   855.45,   339.92
  475.13,   857.76,   464.71
  479.09,   860.28,   590.83
  223.59,   599.76,   473.44
  222.80,   598.93,   598.98
  222.28,   597.74,   724.94
  226.14,   723.61,   474.25
  225.57,   722.55,   600.12
  225.36,   721.41,   726.76
  228.88,   847.89,   475.80
  228.42,   846.65,   601.99
  228.27,   845.61,   728.05
  347.95,   595.88,   474.66
  346.93,   594.83,   600.40
  346.14,   594.17,   726.50
  351.24,   721.65,   475.90
  351.09,   720.73,   601.91
  350.79,   720.00,   728.57
  354.31,   847.05,   477.23
  354.55,   845.97,   603.51
  354.21,   845.05,   730.05
  473.05,   592.58,   476.06
  471.87,   591.21,   601.74
  470.58,   590.80,   727.47
  476.54,   719.60,   477.16
  476.36,   718.46,   602.91
  475.75,   717.57,   729.26
  479.90,   845.38,   478.46
  479.72,   844.31,   604.62
  478.96,   842.97,   731.13
  225.59,   599.56,   598.79
  225.29,   598.31,   724.77
  224.64,   595.75,   849.67
  222.44,   723.18,   599.94
  222.44,   721.95,   726.57
  221.29,   719.80,   851.62
  219.28,   847.17,   601.83
  219.33,   846.04,   727.83
  217.39,   844.46,   852.72
  349.79,   601.44,   600.07
  349.23,   600.72,   726.21
  348.98,   599.19,   851.02
  348.02,   727.33,   601.58
  347.96,   726.52,   728.27
  346.64,   724.47,   853.43
  345.41,   852.35,   603.21
  345.29,   851.37,   729.70
  343.23,   849.01,   855.16
  474.84,   603.94,   601.23
  473.83,   603.43,   727.01
  473.39,   602.62,   851.70
  473.38,   731.19,   602.44
  473.02,   730.18,   728.86
  471.95,   728.17,   854.19
  470.58,   856.68,   604.31
  469.99,   855.31,   730.77
  469.04,   852.59,   856.22
  348.47,   100.04,   100.10
  347.22,   101.30,   225.34
  345.89,   102.79,   350.16
  350.29,   225.23,    98.80
  349.16,   226.37,   223.98
  347.78,   227.78,   348.95
  351.93,   350.57,    98.74
  350.78,   351.34,   223.30
  349.28,   352.16,   348.10
  473.58,    97.77,   101.45
  472.62,    99.02,   226.92
  471.21,   101.60,   351.58
  475.63,   222.99,   100.21
  474.45,   224.13,   225.37
  472.93,   226.34,   350.26
  476.74,   348.74,    99.83
  475.19,   349.66,   224.13
  474.03,   350.25,   349.16
  598.87,    96.52,   102.67
  597.95,    97.86,   228.00
  596.59,   100.11,   352.45
  600.58,   221.73,   102.02
  599.56,   222.84,   226.89
  598.12,   224.73,   351.39
  601.16,   347.43,   100.90
  599.81,   348.42,   225.44
  599.40,   348.88,   350.66
  349.83,   100.48,   223.89
  350.68,    97.41,   348.68
  351.89,    93.99,   473.61
  350.46,   225.54,   227.07
  351.24,   222.40,   352.00
  352.08,   218.99,   476.98
  350.77,   350.45,   230.93
  351.43,   346.72,   355.70
  351.96,   343.06,   480.66
  475.27,    99.50,   223.25
  476.01,    97.50,   347.90
  477.13,    94.55,   472.55
  475.76,   224.64,   226.27
  476.43,   222.29,   351.12
  477.41,   219.26,   476.09
  475.19,   350.11,   229.58
  476.22,   346.14,   354.60
  477.11,   342.14,   479.96
  600.62,    99.68,   222.15
  601.41,    97.33,   346.58
  602.26,    94.23,   471.13
  600.86,   224.68,   225.60
  601.64,   221.98,   350.04
  602.56,   218.72,   474.76
  599.83,   350.21,   228.71
  601.62,   346.10,   353.90
  603.00,   342.23,   479.26
  351.60,    98.79,   348.88
  348.94,   100.62,   473.80
  346.64,   102.23,   598.88
  352.75,   223.79,   346.99
  349.70,   225.59,   471.97
  347.30,   227.21,   596.99
  353.54,   348.16,   345.47
  350.21,   349.72,   470.43
  347.13,   351.39,   595.55
  476.89,    98.34,   351.96
  474.18,   100.65,   476.60
  471.82,   101.78,   601.58
  477.90,   223.11,   349.97
  474.99,   225.25,   474.97
  472.71,   226.53,   600.01
  478.28,   347.03,   348.22
  475.28,   348.18,   473.58
  472.20,   349.50,   598.94
  602.25,    97.62,   354.48
  599.24,    99.73,   479.04
  596.40,   100.66,   604.23
  603.07,   222.24,   352.76
  600.14,   224.17,   477.55
  597.44,   225.21,   602.76
  603.64,   346.40,   351.41
  601.16,   347.70,   476.80
  597.98,   349.24,   602.21
  349.74,    98.51,   475.78
  350.44,   100.60,   600.89
  350.83,   102.05,   726.31
  346.39,   223.43,   473.46
  347.01,   225.53,   598.51
  347.74,   227.47,   723.55
  342.83,   347.60,   471.44
  342.75,   349.72,   596.58
  343.10,   352.14,   721.65
  474.98,   102.63,   475.49
  475.63,   104.24,   600.48
  476.04,   104.98,   725.99
  471.66,   227.13,   473.40
  472.37,   228.87,   598.47
  472.88,   229.99,   723.58
  467.83,   350.05,   471.51
  467.74,   351.81,   596.90
  467.73,   354.21,   721.93
  600.02,   105.78,   474.83
  600.18,   107.18,   600.03
  600.65,   107.92,   725.72
  596.82,   230.09,   472.96
  597.11,   231.63,   598.19
  597.28,   232.74,   723.68
  593.68,   353.53,   471.68
  593.53,   355.54,   597.14
  592.94,   358.16,   722.29
  349.74,   100.09,   600.09
  351.23,   100.18,   725.53
  352.23,   100.64,   850.84
  352.15,   225.08,   599.05
  354.01,   225.61,   724.09
  354.46,   225.62,   849.95
  353.62,   349.15,   598.48
  355.09,   350.18,   723.54
  356.58,   351.18,   848.63
  474.86,    97.86,   598.67
  476.35,    97.32,   724.14
  477.20,    97.72,   849.59
  477.54,   222.68,   597.92
  479.18,   222.36,   723.08
  479.59,   222.09,   848.99
  478.76,   345.63,   597.74
  479.88,   346.64,   722.76
  481.20,   348.17,   847.45
  599.47,    95.08,   597.20
  600.99,    94.64,   722.77
  602.36,    95.03,   848.27
  602.22,   219.64,   596.51
  603.55,   219.26,   722.08
  604.47,   219.52,   847.62
  604.57,   343.68,   596.84
  605.15,   344.85,   722.03
  606.18,   346.19,   846.35
  349.54,   223.06,    97.67
  349.83,   222.47,   222.86
  349.88,   222.20,   347.84
  352.87,   348.36,    99.28
  353.13,   347.41,   223.84
  353.06,   346.54,   348.67
  355.80,   473.64,   100.68
  356.00,   472.56,   225.03
  356.02,   471.11,   349.39
  474.85,   219.15,    97.61
  475.14,   218.52,   222.81
  475.04,   219.10,   347.70
  477.67,   344.83,    98.92
  477.54,   344.04,   223.25
  477.81,   343.01,   348.29
  480.18,   470.50,   100.06
  480.20,   469.60,   224.08
  480.83,   467.49,   348.98
  599.79,   216.20,    97.95
  600.27,   215.55,   222.90
  600.21,   215.81,   347.36
  602.10,   341.83,    98.58
  602.15,   341.14,   223.14
  603.14,   339.96,   348.32
  604.76,   467.32,    99.09
  604.91,   466.58,   223.59
  606.38,   464.67,   349.17
  351.90,   224.54,   223.19
  353.46,   223.72,   348.16
  355.06,   222.64,   473.18
  353.10,   349.53,   224.73
  354.54,   348.08,   349.53
  355.84,   346.69,   474.54
  353.90,   474.71,   226.48
  355.42,   472.69,   350.81
  356.76,   471.00,   475.74
  477.21,   222.71,   221.62
  478.64,   222.69,   346.50
  480.36,   221.96,   471.51
  477.51,   348.28,   222.62
  479.32,   346.63,   347.64
  480.99,   344.90,   473.04
  478.12,   473.87,   224.03
  480.26,   471.18,   348.89
  481.97,   468.80,   474.36
  602.31,   221.86,   220.21
  603.83,   221.47,   344.66
  605.51,   220.53,   469.40
  602.11,   347.49,   220.97
  604.67,   345.70,   346.17
  606.88,   344.12,   471.57
  602.83,   472.97,   222.00
  605.82,   470.48,   347.55
  608.22,   468.59,   473.22
  348.78,   225.66,   348.79
  348.12,   228.27,   473.80
  348.11,   230.72,   598.85
  349.08,   350.04,   346.45
  348.13,   352.41,   471.42
  347.43,   354.88,   596.57
  349.17,   474.68,   344.02
  348.29,   476.79,   468.87
  347.42,   479.50,   594.30
  473.96,   225.44,   349.39
  473.44,   228.37,   474.42
  473.53,   230.47,   599.48
  473.84,   349.36,   346.79
  473.23,   351.31,   472.17
  472.52,   353.43,   597.57
  473.95,   473.96,   344.30
  473.42,   475.31,   469.71
  472.32,   477.68,   595.30
  599.16,   225.04,   349.80
  598.64,   227.78,   474.61
  598.32,   229.66,   599.84
  599.20,   349.20,   347.56
  599.14,   351.29,   473.00
  598.38,   353.67,   598.45
  599.50,   474.00,   345.18
  599.63,   475.76,   470.83
  598.65,   478.48,   596.26
  349.03,   224.40,   476.02
  348.60,   221.82,   601.06
  348.24,   219.03,   726.10
  346.39,   348.53,   478.68
  345.27,   346.00,   603.81
  344.60,   343.74,   728.82
  343.90,   472.93,   481.19
  342.56,   470.65,   606.62
  341.59,   468.72,   732.04
  474.33,   227.11,   477.17
  473.98,   224.20,   602.20
  473.42,   220.57,   727.33
  471.45,   350.00,   479.99
  470.30,   347.15,   605.34
  469.29,   344.89,   730.29
  468.95,   473.92,   482.58
  467.32,   471.34,   608.16
  465.78,   469.86,   733.41
  599.50,   229.08,   477.91
  598.68,   225.93,   603.11
  597.79,   222.26,   728.61
  597.35,   352.55,   481.37
  596.06,   349.92,   606.77
  594.43,   347.80,   731.84
  595.17,   476.96,   484.25
  593.55,   474.69,   609.66
  591.38,   473.36,   734.60
  350.32,   226.89,   601.71
  350.62,   227.96,   726.77
  349.53,   228.53,   852.62
  348.46,   351.06,   600.65
  348.41,   352.64,   725.71
  348.39,   354.12,   850.81
  347.27,   475.71,   599.59
  346.95,   477.65,   725.10
  347.52,   479.33,   849.81
  475.72,   227.77,   602.12
  475.80,   228.01,   727.26
  474.65,   228.35,   853.16
  473.54,   350.76,   601.43
  473.12,   352.35,   726.44
  473.00,   354.46,   851.10
  472.15,   475.01,   600.39
  471.24,   477.37,   725.72
  471.68,   480.08,   850.07
  600.45,   228.06,   602.27
  600.22,   228.29,   727.81
  599.56,   229.18,   853.26
  599.38,   352.13,   602.09
  598.38,   353.90,   727.24
  597.97,   355.83,   851.46
  598.47,   476.96,   601.13
  596.97,   479.46,   726.11
  596.69,   481.68,   850.13
  349.44,   349.02,   101.30
  352.69,   352.46,   225.79
  355.58,   355.94,   350.50
  346.85,   474.25,    98.38
  350.04,   477.60,   222.69
  353.03,   480.56,   346.91
  344.44,   599.26,    94.55
  347.64,   602.85,   219.45
  350.70,   605.76,   343.34
  474.20,   350.99,    97.95
  477.02,   354.61,   222.13
  480.31,   357.82,   347.07
  471.23,   476.56,    94.82
  474.18,   480.18,   218.72
  477.78,   482.47,   343.44
  468.88,   601.83,    91.18
  472.02,   605.75,   215.68
  475.49,   608.28,   340.04
  598.61,   353.44,    94.53
  601.53,   357.21,   218.92
  605.62,   360.28,   344.10
  595.88,   478.78,    90.84
  598.80,   482.66,   215.10
  603.25,   485.13,   340.52
  594.00,   603.90,    87.43
  597.18,   607.94,   211.87
  601.04,   610.84,   336.75
  351.66,   348.75,   223.69
  354.53,   345.44,   348.43
  357.25,   342.19,   473.37
  350.82,   473.88,   227.34
  353.75,   470.01,   351.61
  356.50,   466.45,   476.48
  350.22,   599.13,   230.84
  353.23,   595.16,   354.77
  356.27,   591.65,   479.45
  476.04,   349.22,   220.19
  479.27,   345.71,   345.14
  482.39,   342.14,   470.47
  475.01,   474.77,   223.51
  478.55,   470.21,   348.29
  481.69,   465.96,   473.69
  474.65,   600.34,   227.20
  478.09,   595.90,   351.63
  481.45,   591.80,   476.68
  600.58,   350.16,   217.13
  604.58,   346.48,   342.26
  608.24,   343.05,   467.59
  599.67,   475.61,   220.06
  604.07,   471.24,   345.53
  607.92,   467.46,   471.15
  599.82,   600.90,   223.57
  603.70,   596.87,   348.56
  607.42,   593.17,   473.80
  348.64,   348.93,   348.23
  349.75,   345.81,   473.18
  351.15,   342.76,   598.31
  348.20,   473.53,   351.30
  349.33,   470.14,   476.17
  350.48,   467.31,   601.58
  347.99,   598.66,   354.32
  349.42,   595.31,   479.01
  350.97,   592.77,   604.76
  473.40,   348.80,   346.54
  474.85,   345.32,   471.89
  476.28,   341.99,   597.24
  472.99,   473.33,   349.57
  474.47,   469.20,   474.98
  475.40,   466.07,   600.55
  472.84,   599.04,   352.79
  474.57,   595.07,   477.85
  476.00,   592.22,   603.50
  598.73,   349.21,   345.26
  600.73,   345.85,   470.65
  602.07,   342.74,   596.03
  598.55,   473.96,   348.41
  600.70,   470.24,   474.06
  601.75,   467.49,   599.47
  598.47,   599.63,   351.33
  600.54,   596.01,   476.59
  602.00,   593.18,   601.83
  351.24,   351.44,   476.33
  354.39,   353.46,   601.47
  357.95,   355.81,   726.49
  349.91,   475.83,   474.21
  352.86,   478.09,   599.62
  356.12,   480.82,   725.10
  349.05,   601.05,   471.94
  352.48,   603.62,   597.64
  356.13,   606.63,   723.76
  476.32,   351.77,   473.22
  479.47,   353.50,   598.59
  482.64,   355.91,   723.58
  475.02,   475.78,   471.17
  477.79,   477.77,   596.75
  480.48,   480.95,   722.04
  474.15,   601.78,   468.92
  477.53,   604.06,   594.52
  480.77,   607.29,   720.24
  602.20,   353.21,   470.17
  605.32,   355.26,   595.58
  607.95,   357.90,   720.72
  601.20,   477.71,   468.41
  604.14,   480.09,   593.81
  606.31,   483.44,   718.75
  600.03,   603.55,   465.80
  603.44,   605.83,   590.98
  606.22,   608.73,   715.90
  349.33,   348.05,   601.82
  350.13,   349.89,   726.88
  350.94,   351.65,   851.98
  349.11,   472.65,   600.49
  349.63,   474.87,   725.98
  351.05,   476.86,   850.67
  350.04,   598.12,   599.02
  350.89,   600.60,   725.16
  352.05,   602.30,   850.03
  474.44,   346.77,   601.76
  474.88,   348.61,   726.76
  475.57,   350.97,   851.44
  474.02,   470.95,   600.44
  473.95,   473.59,   725.75
  475.23,   476.61,   850.09
  475.08,   597.16,   598.76
  475.48,   599.89,   724.51
  476.46,   602.35,   849.23
  600.25,   347.10,   601.55
  600.14,   349.11,   726.71
  600.55,   351.30,   850.96
  600.36,   471.91,   600.35
  599.71,   474.70,   725.34
  600.25,   477.21,   849.34
  601.06,   597.64,   598.08
  600.94,   600.09,   723.06
  601.22,   602.16,   847.61
  351.84,   474.74,    99.72
  352.80,   475.36,   224.08
  353.57,   475.60,   348.42
  350.73,   599.86,    98.60
  351.68,   600.68,   223.50
  352.53,   600.83,   347.49
  350.09,   724.78,    96.93
  350.41,   726.09,   222.50
  351.36,   726.46,   346.36
  476.26,   475.86,    98.39
  477.02,   476.69,   222.40
  478.39,   476.25,   347.25
  475.22,   601.26,    97.46
  476.14,   602.32,   222.00
  477.40,   602.06,   346.49
  474.70,   726.29,    96.16
  475.72,   727.72,   221.43
  476.66,   728.38,   345.50
  600.90,   476.93,    96.67
  601.74,   477.94,   221.12
  603.96,   477.69,   346.66
  600.38,   602.11,    95.94
  601.37,   603.29,   220.51
  603.04,   603.43,   345.54
  600.13,   726.99,    95.30
  602.14,   728.19,   220.02
  602.46,   729.32,   344.27
  349.96,   474.63,   223.44
  353.24,   474.65,   347.72
  356.35,   474.95,   472.59
  353.50,   599.91,   222.95
  356.87,   599.83,   346.91
  360.30,   600.16,   471.55
  356.90,   725.33,   222.09
  360.40,   725.48,   345.92
  364.49,   726.10,   470.37
  474.08,   471.24,   219.25
  477.96,   470.61,   344.04
  481.48,   470.23,   469.45
  477.85,   596.84,   218.93
  481.66,   596.34,   343.39
  485.42,   596.12,   468.43
  482.18,   722.18,   218.49
  485.64,   722.61,   342.55
  489.69,   723.12,   467.05
  598.64,   467.81,   215.44
  603.38,   467.35,   340.92
  607.62,   467.44,   466.57
  602.89,   593.10,   214.92
  607.19,   592.97,   339.96
  611.31,   593.18,   465.22
  608.38,   717.94,   214.56
  611.34,   718.77,   338.81
  614.80,   719.28,   463.29
  347.99,   474.06,   350.31
  346.60,   476.63,   475.17
  345.26,   479.81,   600.60
  344.48,   599.19,   347.41
  343.39,   601.79,   472.02
  342.51,   605.24,   597.73
  340.81,   724.64,   344.31
  340.30,   727.38,   468.70
  340.26,   730.91,   594.62
  472.73,   477.15,   351.03
  471.66,   478.96,   476.43
  470.06,   481.83,   602.02
  469.25,   602.90,   348.30
  468.47,   604.94,   473.29
  467.51,   608.11,   598.93
  465.99,   729.14,   345.35
  465.63,   731.87,   469.87
  465.66,   735.29,   595.58
  598.28,   481.07,   352.33
  597.85,   483.29,   477.96
  596.30,   486.48,   603.36
  594.83,   606.79,   349.24
  594.32,   609.12,   474.43
  593.35,   612.21,   599.65
  591.76,   732.68,   346.03
  590.79,   735.41,   470.49
  590.48,   738.29,   595.70
  349.21,   472.46,   475.86
  346.18,   472.27,   601.28
  343.52,   472.47,   726.72
  350.53,   597.66,   476.16
  347.92,   597.72,   601.90
  345.55,   598.15,   728.00
  352.08,   723.49,   476.33
  350.33,   723.65,   602.32
  348.43,   723.97,   728.97
  474.31,   470.22,   478.89
  471.00,   469.70,   604.46
  467.74,   470.30,   729.72
  475.66,   596.16,   479.22
  472.89,   595.91,   604.88
  470.03,   596.60,   730.62
  477.41,   723.23,   479.22
  475.65,   723.20,   604.98
  473.44,   723.38,   731.35
  600.53,   470.00,   482.19
  597.23,   469.79,   607.60
  593.35,   470.51,   732.54
  601.62,   595.81,   482.18
  598.80,   595.55,   607.42
  595.38,   595.98,   732.40
  602.59,   722.10,   481.59
  600.53,   721.56,   606.83
  598.06,   721.07,   732.50
  349.81,   474.14,   598.52
  350.81,   476.66,   724.02
  352.71,   478.99,   848.73
  347.54,   599.60,   596.74
  348.91,   602.39,   722.89
  350.54,   604.42,   847.81
  345.85,   725.43,   594.74
  347.76,   728.17,   721.44
  348.44,   729.77,   846.78
  474.70,   475.66,   597.93
  475.12,   478.61,   723.26
  476.84,   481.95,   847.62
  472.58,   601.89,   595.93
  473.52,   604.92,   721.72
  474.96,   607.68,   846.50
  471.21,   729.12,   593.64
  472.84,   731.69,   720.04
  473.75,   733.30,   845.54
  601.02,   479.83,   597.28
  600.88,   482.94,   722.26
  601.84,   485.78,   846.31
  598.50,   605.53,   594.67
  598.96,   608.25,   719.68
  599.71,   610.64,   844.29
  596.07,   731.58,   591.75
  597.44,   733.37,   717.46
  598.52,   735.11,   842.81
  349.97,   599.39,   102.00
  351.52,   599.87,   226.84
  352.96,   599.73,   350.83
  352.41,   724.33,   100.64
  353.34,   725.31,   226.12
  354.91,   725.38,   349.97
  354.28,   849.36,    99.63
  354.85,   850.65,   224.66
  356.91,   850.84,   348.54
  474.42,   597.68,   100.26
  475.95,   598.39,   224.75
  477.82,   597.80,   349.26
  477.02,   722.71,    99.27
  478.66,   723.81,   224.45
  480.20,   724.14,   348.53
  478.82,   847.51,    98.40
  480.29,   848.59,   223.55
  482.64,   849.35,   347.29
  599.51,   595.43,    98.12
  601.11,   596.25,   222.69
  603.44,   596.04,   347.76
  602.47,   720.27,    97.77
  604.97,   721.18,   222.45
  605.95,   721.95,   346.72
  604.73,   844.84,    97.02
  607.86,   845.49,   222.00
  608.61,   846.50,   345.99
  350.99,   601.10,   224.23
  348.78,   597.91,   348.19
  346.59,   595.22,   472.83
  353.44,   726.49,   226.59
  351.37,   723.47,   350.41
  349.81,   720.95,   474.89
  355.61,   851.78,   228.20
  354.03,   848.90,   352.07
  352.84,   846.33,   477.04
  475.40,   598.91,   225.72
  473.59,   595.25,   350.19
  471.67,   591.93,   475.24
  478.75,   724.29,   228.50
  476.61,   721.55,   352.55
  475.11,   718.93,   477.17
  481.08,   849.05,   230.66
  479.73,   846.80,   354.39
  478.43,   844.72,   479.29
  600.55,   596.07,   227.25
  599.19,   592.79,   352.31
  597.61,   589.81,   477.60
  605.02,   721.01,   230.07
  602.29,   718.72,   354.34
  600.31,   716.11,   478.94
  608.58,   845.31,   232.70
  605.58,   843.33,   356.63
  603.13,   840.97,   481.09
  349.75,   599.58,   348.67
  351.25,   602.15,   473.31
  352.94,   605.56,   599.03
  350.99,   725.17,   345.61
  353.11,   727.95,   470.04
  355.70,   731.52,   595.96
  352.25,   850.62,   341.97
  354.71,   853.28,   466.82
  357.55,   856.60,   593.03
  474.59,   598.33,   347.10
  476.40,   600.34,   472.12
  478.00,   603.47,   597.74
  476.26,   724.64,   344.18
  478.44,   727.35,   468.69
  481.00,   730.71,   594.32
  477.94,   849.81,   340.72
  480.32,   852.91,   465.48
  482.68,   856.21,   591.59
  600.20,   597.24,   345.60
  602.34,   599.60,   470.83
  603.93,   602.72,   596.02
  602.05,   723.14,   342.39
  603.62,   725.83,   466.86
  605.82,   728.64,   591.95
  604.03,   847.67,   339.46
  605.16,   850.46,   463.84
  606.77,   853.33,   589.33
  349.07,   601.05,   474.73
  345.54,   605.23,   600.38
  342.30,   609.79,   726.46
  352.36,   726.78,   470.85
  349.69,   731.02,   596.70
  346.91,   735.45,   723.30
  355.40,   852.10,   467.03
  352.98,   856.05,   593.16
  350.06,   860.25,   719.54
  474.13,   597.87,   478.84
  470.45,   601.79,   604.42
  466.74,   606.62,   730.13
  477.64,   724.87,   474.80
  474.97,   728.98,   600.44
  471.88,   733.29,   726.77
  480.97,   850.46,   470.99
  478.13,   854.48,   597.07
  474.70,   858.31,   723.47
  600.02,   595.82,   482.87
  596.24,   599.68,   608.00
  591.94,   604.20,   732.92
  602.78,   722.04,   478.24
  599.75,   725.63,   603.37
  596.38,   729.24,   729.02
  605.69,   846.72,   474.56
  602.16,   850.39,   600.11
  598.55,   853.76,   726.15
  349.67,   601.79,   601.11
  349.09,   603.99,   727.27
  348.78,   605.35,   852.10
  353.24,   727.73,   599.74
  353.14,   729.84,   726.43
  351.77,   730.72,   851.67
  355.96,   852.88,   598.49
  355.77,   854.78,   725.00
  353.75,   855.34,   850.55
  474.67,   598.89,   602.34
  473.62,   601.34,   728.10
  473.17,   603.46,   852.78
  478.54,   726.15,   600.62
  478.14,   728.09,   727.01
  477.06,   729.05,   852.40
  481.12,   851.80,   599.54
  480.44,   853.28,   726.03
  479.48,   853.52,   851.53
  600.59,   597.38,   603.13
  598.98,   599.55,   728.11
  597.86,   601.31,   852.66
  603.39,   723.35,   600.74
  602.72,   724.56,   726.40
  601.78,   725.80,   851.66
  605.18,   848.17,   599.72
  604.34,   849.13,   725.80
  604.14,   850.16,   850.87
  475.34,    99.81,    99.75
  472.38,    97.68,   225.21
  469.00,    96.87,   349.84
  472.73,   224.97,   101.80
  469.59,   222.78,   226.89
  466.13,   221.67,   351.74
  469.20,   350.69,   104.64
  465.75,   348.22,   228.93
  462.60,   345.52,   353.91
  600.62,   103.08,   103.03
  597.72,   101.09,   228.28
  594.35,   100.00,   352.69
  597.62,   228.26,   105.60
  594.61,   226.04,   230.39
  591.23,   224.61,   354.87
  593.49,   353.96,   107.69
  590.29,   351.53,   232.19
  587.88,   348.63,   357.37
  725.70,   106.97,   106.18
  722.68,   104.90,   231.10
  719.54,   102.80,   355.20
  721.61,   232.30,   109.41
  719.03,   229.92,   234.01
  716.46,   227.19,   357.91
  717.73,   357.60,   110.93
  715.14,   354.86,   236.02
  713.44,   351.93,   361.11
  475.67,   100.03,   223.91
  477.60,   105.30,   348.50
  479.88,   109.71,   473.09
  475.16,   225.10,   219.71
  476.97,   229.93,   344.54
  479.03,   234.02,   469.53
  473.59,   350.65,   215.85
  475.74,   353.88,   340.77
  477.77,   356.94,   466.12
  601.03,   101.10,   221.65
  602.97,   106.01,   346.01
  604.92,   110.19,   470.46
  600.24,   226.06,   217.91
  602.15,   230.54,   342.35
  604.25,   234.44,   467.12
  598.12,   351.69,   213.77
  601.05,   354.77,   338.91
  603.69,   358.00,   464.33
  726.03,   102.58,   219.12
  728.21,   106.49,   343.23
  729.67,   109.79,   467.70
  724.57,   227.75,   216.26
  727.40,   230.89,   340.16
  729.32,   234.42,   464.65
  722.86,   352.80,   212.22
  726.52,   355.71,   337.34
  729.57,   359.65,   462.33
  474.83,   101.91,   350.03
  478.02,   105.94,   474.62
  481.59,   108.75,   599.52
  476.41,   226.59,   346.36
  479.37,   230.35,   471.33
  482.93,   233.25,   596.35
  477.36,   350.52,   342.89
  480.29,   353.26,   468.23
  483.08,   356.17,   593.61
  600.18,   100.43,   346.73
  603.05,   104.26,   471.18
  606.05,   106.87,   596.30
  601.57,   225.00,   343.32
  604.54,   228.58,   468.05
  607.66,   231.31,   593.22
  602.66,   349.22,   340.20
  606.18,   352.15,   465.59
  608.98,   355.40,   590.98
  725.42,    98.77,   343.12
  727.83,   101.75,   467.62
  730.05,   104.70,   593.09
  726.79,   223.15,   340.25
  729.53,   226.30,   464.70
  731.81,   229.49,   590.18
  728.09,   347.94,   337.76
  731.98,   351.53,   462.71
  734.79,   355.53,   587.94
  474.22,   101.12,   473.77
  474.43,   100.35,   598.79
  474.41,    98.79,   724.28
  471.52,   225.69,   474.01
  471.87,   225.11,   599.08
  472.02,   223.85,   724.22
  468.29,   348.63,   474.48
  467.84,   348.08,   599.87
  467.50,   348.12,   724.88
  599.29,   103.69,   473.57
  599.05,   102.74,   598.78
  599.09,   101.20,   724.44
  596.69,   228.05,   474.00
  596.60,   227.24,   599.23
  596.41,   225.94,   724.75
  594.16,   351.52,   475.09
  593.61,   351.19,   600.55
  592.68,   351.42,   725.69
  724.04,   105.32,   473.22
  723.06,   104.77,   598.84
  723.01,   104.12,   724.73
  721.69,   229.97,   473.94
  720.74,   229.54,   599.49
  720.21,   228.81,   725.18
  720.05,   355.17,   475.52
  719.44,   355.50,   600.85
  718.09,   355.81,   726.17
  476.92,   100.15,   600.09
  479.65,    99.25,   725.55
  481.69,    99.32,   851.01
  475.88,   224.94,   599.74
  478.75,   224.31,   724.87
  480.37,   223.74,   850.77
  473.39,   347.92,   599.91
  475.76,   348.64,   724.91
  478.35,   349.86,   849.58
  601.51,   101.03,   597.34
  604.28,   100.19,   722.96
  606.91,   100.23,   848.49
  600.58,   225.57,   597.12
  603.11,   224.92,   722.64
  605.25,   224.89,   848.11
  599.19,   349.59,   597.81
  600.99,   350.50,   722.96
  603.29,   351.58,   847.22
  725.58,   101.57,   594.61
  728.16,   101.66,   720.46
  731.94,   101.68,   846.10
  724.70,   226.32,   594.60
  726.86,   226.29,   720.29
  729.80,   226.46,   845.26
  724.99,   352.33,   595.32
  726.41,   353.33,   720.65
  728.39,   353.56,   844.80
  473.58,   223.77,   100.85
  473.93,   222.83,   226.01
  473.95,   222.99,   350.91
  469.35,   349.48,   102.53
  469.35,   348.29,   226.85
  469.70,   346.84,   351.89
  464.88,   475.13,   104.09
  465.06,   473.77,   228.14
  465.68,   471.30,   352.97
  598.46,   227.87,   101.14
  598.95,   226.89,   226.02
  599.08,   226.67,   350.54
  593.70,   353.51,   102.10
  593.88,   352.41,   226.62
  595.00,   350.77,   351.86
  589.38,   479.01,   103.08
  589.71,   477.82,   227.53
  591.19,   475.45,   353.04
  722.49,   232.62,   101.42
  723.31,   231.60,   226.18
  724.32,   230.05,   350.14
  718.00,   357.87,   101.80
  718.67,   356.57,   226.93
  720.51,   354.84,   352.11
  714.55,   482.70,   102.25
  714.92,   481.48,   227.61
  716.81,   479.99,   353.36
  474.89,   222.50,   225.37
  473.15,   221.76,   350.25
  471.71,   220.30,   475.26
  474.90,   348.01,   227.11
  473.52,   345.65,   352.15
  471.98,   343.23,   477.52
  475.21,   473.55,   229.26
  474.14,   470.14,   354.13
  472.61,   467.09,   479.57
  600.01,   221.92,   227.10
  598.34,   220.83,   351.57
  596.86,   219.17,   476.34
  599.54,   347.47,   228.64
  598.90,   344.96,   353.83
  597.85,   342.65,   479.23
  599.98,   472.90,   230.43
  599.76,   469.67,   355.98
  598.84,   467.02,   481.63
  724.45,   221.97,   228.93
  723.61,   219.55,   352.79
  721.76,   217.46,   477.35
  724.42,   346.97,   230.69
  724.48,   344.35,   355.73
  723.67,   342.69,   480.72
  725.25,   471.91,   232.32
  725.42,   469.57,   358.00
  725.17,   468.08,   483.25
  476.98,   226.07,   350.93
  476.81,   228.39,   475.97
  477.25,   229.87,   601.04
  473.39,   349.93,   348.94
  473.12,   351.29,   474.34
  472.76,   352.82,   599.74
  470.05,   474.49,   347.05
  469.82,   475.26,   472.46
  469.07,   477.05,   598.07
  602.14,   229.09,   350.95
  601.97,   231.19,   475.79
  601.96,   232.48,   601.04
  598.72,   353.22,   349.32
  599.01,   354.70,   474.79
  598.57,   356.50,   600.24
  595.56,   477.99,   347.52
  596.00,   479.13,   473.19
  595.33,   481.26,   598.63
  727.40,   231.79,   350.96
  726.96,   233.60,   475.58
  726.13,   235.35,   601.14
  724.24,   356.63,   349.97
  724.90,   358.85,   475.03
  724.44,   361.36,   600.35
  721.17,   481.81,   348.22
  722.26,   484.13,   473.52
  722.01,   486.90,   598.59
  474.25,   226.05,   475.74
  475.92,   224.58,   600.80
  477.37,   222.40,   725.95
  476.88,   348.94,   477.10
  477.75,   347.52,   602.49
  478.70,   346.70,   727.49
  479.89,   472.85,   478.25
  480.30,   471.69,   603.86
  480.69,   471.69,   729.14
  599.40,   222.65,   474.34
  600.60,   220.93,   599.55
  601.74,   218.68,   725.11
  602.75,   346.15,   476.33
  603.54,   344.97,   601.75
  603.93,   344.28,   726.91
  606.12,   470.60,   477.80
  606.63,   469.83,   603.23
  606.45,   469.95,   728.20
  724.29,   218.68,   472.85
  724.59,   217.32,   598.42
  725.42,   215.65,   724.13
  728.53,   343.90,   475.31
  729.19,   343.35,   600.63
  729.20,   342.69,   725.98
  732.35,   469.31,   476.90
  733.27,   469.15,   602.00
  732.83,   468.95,   726.94
  475.84,   225.37,   597.98
  472.51,   222.61,   723.05
  467.91,   219.81,   848.92
  477.43,   348.29,   600.42
  473.57,   346.85,   725.34
  469.94,   345.84,   849.99
  479.74,   472.47,   602.54
  475.31,   471.81,   727.75
  472.29,   471.47,   851.99
  600.49,   221.89,   601.54
  596.85,   219.02,   727.03
  592.73,   216.76,   852.55
  603.16,   345.94,   604.50
  598.73,   344.57,   729.56
  594.84,   343.34,   853.77
  605.98,   470.81,   606.72
  600.94,   470.22,   731.62
  597.27,   469.29,   855.50
  724.42,   218.47,   605.25
  720.52,   216.13,   730.88
  717.38,   214.14,   855.80
  728.74,   344.55,   608.20
  723.91,   343.18,   733.46
  719.89,   341.00,   857.41
  732.53,   470.38,   610.29
  727.20,   469.45,   735.14
  722.84,   466.88,   858.91
  474.22,   349.32,   100.38
  470.97,   347.97,   224.66
  468.08,   346.36,   349.66
  470.51,   474.98,   102.01
  467.43,   473.49,   226.03
  464.83,   470.85,   350.82
  467.47,   600.37,   103.26
  464.52,   599.07,   227.76
  461.83,   596.53,   352.18
  598.53,   352.58,   103.17
  595.51,   351.29,   227.68
  593.37,   349.48,   352.87
  594.98,   478.09,   104.20
  592.09,   476.71,   228.67
  590.33,   474.17,   354.14
  592.50,   603.28,   105.65
  589.65,   602.08,   230.21
  587.37,   599.88,   355.20
  722.78,   356.18,   106.14
  720.33,   354.62,   231.24
  718.91,   352.75,   356.34
  720.10,   481.00,   106.65
  717.33,   479.56,   232.03
  715.98,   477.93,   357.72
  718.26,   605.56,   108.00
  715.41,   604.48,   233.03
  713.10,   603.16,   358.27
  474.96,   349.02,   226.43
  476.41,   345.32,   351.44
  477.72,   341.58,   476.80
  471.21,   474.47,   229.97
  472.95,   469.73,   354.79
  474.24,   465.34,   480.21
  468.09,   599.99,   233.87
  469.73,   595.35,   358.32
  471.27,   591.11,   483.40
  599.51,   352.65,   225.22
  601.74,   348.77,   350.42
  603.56,   345.13,   475.79
  595.91,   478.01,   228.40
  598.50,   473.42,   353.90
  600.44,   469.45,   479.53
  593.27,   603.30,   232.12
  595.33,   599.04,   357.12
  597.21,   595.13,   482.38
  724.30,   356.31,   224.53
  727.23,   352.31,   349.64
  729.37,   349.32,   474.59
  721.14,   481.16,   227.49
  724.09,   477.46,   353.18
  726.71,   474.63,   478.42
  719.06,   605.99,   230.69
  721.04,   602.61,   355.93
  723.09,   599.66,   480.96
  476.27,   350.73,   351.49
  475.92,   349.17,   476.90
  475.50,   347.80,   602.30
  472.67,   475.24,   352.54
  472.34,   473.09,   477.99
  471.46,   471.98,   603.60
  469.33,   600.97,   353.78
  469.25,   599.02,   478.86
  468.93,   598.19,   604.56
  601.62,   354.28,   352.06
  601.80,   352.85,   477.52
  601.26,   351.74,   602.96
  598.23,   479.02,   353.22
  598.53,   477.28,   478.89
  597.72,   476.51,   604.33
  594.92,   604.73,   354.13
  595.15,   603.08,   479.39
  594.83,   602.22,   604.67
  727.15,   357.96,   352.87
  727.67,   357.26,   477.92
  727.06,   356.81,   603.24
  723.85,   483.16,   354.08
  724.81,   482.58,   479.36
  724.39,   482.42,   604.45
  720.64,   608.33,   354.49
  720.99,   607.61,   479.52
  720.76,   606.97,   604.34
  474.76,   349.62,   477.04
  475.26,   347.98,   602.43
  475.85,   346.94,   727.42
  473.48,   473.59,   478.43
  473.52,   472.20,   604.04
  473.58,   471.94,   729.33
  472.70,   599.56,   479.59
  473.29,   598.45,   605.29
  473.77,   598.25,   731.04
  600.68,   351.05,   476.71
  601.07,   349.65,   602.14
  601.07,   348.77,   727.28
  599.72,   475.51,   478.40
  599.84,   474.47,   603.83
  599.30,   474.37,   728.81
  598.65,   601.35,   479.20
  599.24,   600.22,   604.47
  599.20,   599.77,   729.46
  726.56,   353.14,   476.16
  726.87,   352.39,   601.47
  726.46,   351.56,   726.80
  726.03,   478.52,   477.94
  726.55,   478.10,   603.03
  725.73,   477.67,   727.92
  724.53,   603.62,   478.42
  725.23,   602.74,   603.24
  724.87,   601.53,   727.75
  474.32,   349.23,   602.37
  471.34,   351.87,   727.33
  468.66,   355.04,   851.95
  475.86,   473.42,   600.34
  472.37,   476.84,   725.61
  470.26,   480.61,   849.92
  478.86,   599.63,   597.91
  475.87,   603.14,   723.64
  473.45,   606.35,   848.37
  600.09,   347.75,   605.62
  596.55,   350.52,   730.71
  593.61,   353.48,   854.87
  602.13,   472.58,   603.68
  598.04,   476.10,   728.61
  595.24,   479.33,   852.55
  604.77,   598.29,   600.67
  601.22,   601.48,   725.60
  598.13,   604.29,   850.15
  725.76,   347.29,   608.48
  721.87,   350.11,   733.76
  718.75,   352.06,   857.68
  728.74,   473.05,   606.42
  724.37,   476.24,   731.25
  720.88,   477.87,   855.08
  730.71,   597.70,   603.03
  726.80,   600.11,   727.46
  723.25,   601.59,   851.84
  473.35,   477.27,   100.67
  476.14,   475.86,   224.65
  479.51,   473.24,   349.48
  476.42,   602.66,   101.85
  479.37,   601.46,   226.32
  482.65,   598.99,   350.80
  480.05,   727.66,   102.74
  483.12,   726.84,   227.84
  486.06,   725.32,   351.88
  597.93,   474.22,    96.95
  600.78,   473.04,   221.35
  605.01,   470.62,   346.87
  601.50,   599.41,    98.28
  604.50,   598.34,   222.82
  608.23,   596.27,   347.87
  605.51,   724.20,    99.77
  609.40,   723.22,   224.39
  611.74,   722.11,   348.63
  723.11,   471.07,    93.45
  725.93,   469.85,   218.74
  730.50,   468.23,   344.45
  727.25,   595.62,    94.67
  730.20,   594.64,   219.71
  733.85,   593.41,   345.02
  731.70,   719.97,    96.37
  735.43,   719.22,   220.85
  737.17,   718.14,   345.23
  473.69,   473.73,   224.58
  474.93,   475.47,   349.40
  475.76,   477.50,   474.81
  473.18,   599.36,   222.02
  474.33,   601.27,   346.47
  475.44,   603.52,   471.47
  473.14,   724.75,   219.30
  473.99,   727.56,   343.34
  475.47,   730.51,   467.84
  598.40,   474.58,   223.40
  600.50,   476.48,   348.90
  602.00,   478.95,   474.54
  598.37,   599.93,   220.62
  599.96,   602.21,   345.62
  601.37,   604.80,   470.82
  599.52,   724.82,   217.98
  599.81,   728.09,   342.20
  600.65,   731.03,   466.65
  723.66,   475.03,   222.90
  726.12,   477.79,   348.59
  728.28,   481.42,   473.83
  724.19,   599.88,   219.59
  725.70,   602.96,   344.84
  727.21,   606.47,   469.81
  725.72,   724.48,   216.54
  725.35,   727.76,   340.87
  725.49,   730.75,   465.18
  474.92,   472.12,   348.15
  476.35,   473.90,   473.56
  477.22,   476.71,   599.15
  471.91,   597.85,   345.50
  473.60,   599.83,   470.50
  475.08,   602.93,   596.12
  469.14,   724.09,   342.66
  471.21,   726.78,   467.16
  473.67,   730.14,   592.80
  600.44,   475.52,   346.99
  602.55,   477.74,   472.63
  603.55,   480.94,   598.03
  597.49,   601.20,   344.00
  599.49,   603.52,   469.20
  601.00,   606.60,   594.40
  594.92,   727.08,   340.89
  596.39,   729.77,   465.33
  598.50,   732.58,   590.45
  726.00,   479.20,   346.03
  728.77,   482.58,   471.28
  730.22,   486.42,   596.30
  723.19,   604.35,   342.55
  725.29,   607.58,   467.53
  726.86,   610.91,   592.27
  720.46,   729.16,   338.90
  721.20,   731.89,   463.21
  722.76,   734.39,   587.88
  472.68,   471.60,   473.69
  474.64,   473.63,   599.28
  476.58,   476.83,   724.57
  469.71,   597.49,   471.45
  472.26,   599.82,   597.08
  474.70,   603.10,   722.83
  467.12,   724.44,   468.93
  470.65,   727.04,   594.59
  473.79,   729.86,   720.94
  598.84,   475.59,   471.69
  600.94,   478.00,   597.10
  602.33,   481.38,   722.06
  595.58,   601.37,   469.09
  598.16,   603.69,   594.31
  600.14,   606.67,   719.27
  592.29,   727.69,   466.04
  595.50,   729.74,   591.18
  598.36,   731.77,   716.83
  725.04,   480.63,   469.29
  727.60,   483.69,   594.32
  728.75,   486.76,   719.15
  721.37,   605.67,   466.37
  724.06,   608.25,   591.12
  725.73,   610.45,   715.57
  717.11,   730.07,   462.85
  719.78,   731.81,   587.53
  722.50,   732.95,   712.43
  474.69,   471.54,   600.44
  473.26,   469.56,   725.70
  473.17,   467.95,   849.99
  477.59,   597.74,   603.39
  476.55,   595.83,   729.09
  476.17,   593.65,   853.67
  481.35,   724.99,   606.02
  480.96,   722.55,   732.35
  479.93,   719.20,   857.54
  601.00,   470.66,   601.66
  598.98,   468.82,   726.62
  598.20,   466.71,   850.58
  603.53,   596.38,   603.99
  601.95,   594.23,   728.95
  600.89,   591.67,   853.44
  606.19,   722.26,   605.92
  605.56,   719.15,   731.52
  604.62,   716.13,   856.66
  727.66,   471.11,   602.27
  725.37,   468.98,   727.18
  723.86,   465.37,   851.07
  729.54,   595.81,   604.22
  727.65,   592.97,   728.73
  726.14,   589.13,   853.13
  730.59,   719.22,   605.66
  729.86,   715.30,   730.49
  728.87,   711.89,   855.43
  473.63,   599.94,   102.39
  473.73,   598.81,   226.90
  474.14,   596.41,   351.40
  476.97,   724.96,   103.25
  477.13,   724.23,   228.39
  477.23,   722.74,   352.47
  479.37,   849.76,   104.24
  479.51,   849.01,   229.27
  480.41,   847.99,   353.02
  598.71,   597.00,   101.65
  598.88,   595.97,   226.24
  599.75,   593.94,   351.33
  602.50,   721.78,   103.14
  603.42,   720.93,   227.79
  602.94,   719.88,   352.08
  605.53,   846.29,   104.22
  607.04,   845.23,   229.13
  606.30,   844.47,   353.11
  724.46,   593.50,   100.89
  724.61,   592.57,   225.99
  725.46,   591.40,   351.35
  728.80,   717.84,   102.56
  729.46,   717.20,   227.09
  728.40,   716.22,   351.52
  732.32,   842.44,   103.91
  733.52,   841.51,   228.51
  731.64,   840.19,   352.74
  472.92,   602.20,   226.98
  470.23,   598.25,   351.41
  467.44,   594.66,   476.42
  474.69,   727.61,   230.02
  471.70,   724.57,   354.03
  469.36,   721.67,   478.63
  475.39,   852.39,   232.41
  473.26,   849.82,   356.11
  471.13,   847.44,   481.05
  598.11,   600.89,   229.40
  595.84,   597.31,   354.41
  593.36,   594.03,   479.66
  601.02,   725.86,   232.50
  597.39,   723.29,   356.72
  594.57,   720.39,   481.29
  602.84,   850.18,   235.39
  599.11,   847.88,   359.29
  595.89,   845.28,   483.79
  723.87,   599.01,   232.22
  721.57,   596.33,   357.48
  719.31,   594.05,   482.52
  727.04,   723.67,   234.86
  722.80,   721.17,   359.20
  719.43,   718.47,   483.64
  729.31,   847.98,   237.89
  724.38,   845.09,   362.07
  720.08,   841.84,   486.35
  473.40,   600.96,   348.40
  470.39,   602.38,   473.38
  467.17,   604.94,   598.99
  473.27,   727.29,   346.06
  470.66,   729.39,   470.57
  468.44,   732.19,   596.25
  473.13,   852.45,   343.18
  470.73,   854.95,   467.98
  468.35,   857.67,   594.12
  599.01,   601.75,   351.65
  596.28,   603.49,   476.85
  593.01,   605.98,   602.05
  599.01,   727.70,   349.01
  595.83,   729.81,   473.49
  593.28,   732.10,   598.68
  599.15,   852.21,   346.67
  595.60,   854.49,   471.13
  592.48,   856.92,   596.78
  724.74,   602.43,   354.97
  722.14,   605.10,   479.93
  718.92,   607.80,   604.66
  724.44,   727.24,   351.75
  720.63,   729.43,   476.09
  717.59,   731.36,   600.83
  724.55,   851.19,   349.78
  719.92,   852.81,   474.15
  716.10,   854.75,   599.00
  472.93,   597.05,   475.98
  470.93,   600.56,   601.60
  468.88,   605.00,   727.36
  474.51,   724.06,   472.27
  473.51,   727.79,   597.93
  472.11,   731.73,   724.31
  475.92,   849.72,   468.75
  474.80,   853.37,   594.87
  473.08,   856.84,   721.33
  598.88,   596.87,   478.26
  596.82,   600.34,   603.45
  594.22,   604.47,   728.42
  599.72,   723.16,   473.98
  598.38,   726.35,   599.14
  596.70,   729.56,   724.82
  600.76,   847.91,   470.62
  598.91,   851.19,   596.20
  596.96,   854.17,   722.29
  724.80,   597.24,   480.17
  722.81,   600.92,   604.89
  719.80,   604.23,   729.30
  724.59,   721.57,   475.40
  722.77,   724.44,   600.11
  720.93,   726.71,   724.98
  725.08,   844.93,   472.35
  722.53,   847.68,   597.17
  720.88,   850.58,   722.30
  476.11,   599.81,   601.18
  475.11,   602.70,   726.94
  474.70,   605.27,   851.64
  479.16,   727.07,   599.01
  478.82,   729.45,   725.40
  477.80,   730.87,   850.82
  480.92,   852.70,   597.49
  480.29,   854.63,   723.97
  479.36,   855.34,   849.49
  602.05,   599.12,   601.91
  600.50,   601.71,   726.88
  599.41,   603.90,   851.45
  604.02,   725.08,   599.08
  603.41,   726.71,   724.74
  602.54,   728.37,   850.02
  604.99,   849.88,   597.65
  604.17,   851.30,   723.72
  604.00,   852.76,   848.79
  728.04,   599.21,   602.25
  726.14,   601.02,   726.72
  724.58,   601.89,   851.14
  728.41,   722.70,   598.95
  727.66,   723.44,   723.82
  726.73,   724.69,   848.78
  728.61,   845.88,   597.48
  728.14,   847.21,   722.56
  727.96,   849.52,   847.52
  600.42,    98.85,    98.92
  601.42,   102.53,   224.23
  601.85,   107.20,   348.61
  603.39,   224.05,    95.84
  604.21,   227.49,   220.72
  604.65,   231.68,   345.17
  605.43,   349.58,    92.36
  605.75,   353.07,   216.82
  607.23,   355.87,   342.00
  725.59,    96.81,    98.17
  726.39,   100.42,   223.25
  727.06,   104.08,   347.42
  727.54,   222.00,    95.85
  728.58,   225.54,   220.64
  729.91,   228.42,   344.53
  729.78,   347.17,    91.86
  730.54,   350.55,   216.90
  732.71,   353.23,   341.99
  850.90,    94.38,    97.43
  852.22,    97.08,   221.85
  852.14,   100.67,   346.71
  851.92,   219.27,    95.11
  853.15,   221.98,   219.81
  854.83,   224.75,   343.82
  854.68,   344.03,    91.93
  855.44,   347.33,   216.74
  857.74,   350.10,   340.94
  600.70,    99.17,   226.53
  602.01,    99.04,   350.97
  603.35,    98.14,   475.55
  598.77,   224.15,   227.78
  600.04,   223.68,   352.28
  601.48,   222.61,   477.06
  595.55,   349.69,   228.69
  597.83,   347.80,   353.92
  599.71,   346.12,   479.35
  725.74,   101.88,   224.66
  727.27,   100.79,   348.84
  728.14,    99.13,   473.49
  723.17,   227.01,   226.77
  725.30,   225.20,   350.68
  726.42,   223.73,   475.24
  720.38,   352.02,   227.84
  723.37,   350.02,   352.97
  725.56,   349.01,   477.98
  851.47,   103.34,   222.44
  852.35,   102.19,   347.22
  852.89,   100.40,   472.27
  847.69,   228.42,   225.14
  850.27,   226.37,   349.11
  851.42,   224.86,   473.56
  845.26,   353.78,   226.78
  848.47,   351.80,   351.10
  850.89,   350.73,   475.79
  601.61,    99.86,   350.76
  603.13,   102.87,   475.29
  604.80,   104.69,   600.47
  603.82,   224.44,   348.14
  605.44,   227.22,   472.91
  607.21,   229.15,   598.14
  605.76,   348.62,   345.84
  607.91,   350.80,   471.26
  609.32,   353.29,   596.69
  726.86,    97.41,   348.50
  727.91,    99.61,   473.10
  728.82,   101.83,   598.63
  729.07,   221.77,   346.38
  730.39,   224.17,   470.91
  731.31,   226.55,   596.47
  731.25,   346.58,   344.73
  733.71,   349.45,   469.70
  735.09,   352.65,   595.00
  851.94,    94.69,   346.72
  852.68,    96.74,   471.78
  853.35,    99.15,   596.51
  854.00,   218.71,   344.63
  855.36,   221.05,   469.04
  855.86,   224.28,   594.68
  856.26,   344.07,   342.64
  858.93,   346.77,   467.24
  860.15,   350.45,   592.89
  601.09,   101.61,   474.24
  599.53,    99.53,   599.46
  598.26,    96.91,   725.06
  602.96,   226.00,   475.81
  601.54,   224.04,   601.03
  600.07,   221.57,   726.56
  604.97,   349.56,   478.13
  603.10,   348.13,   603.54
  600.86,   347.18,   728.66
  725.87,    98.81,   475.22
  723.65,    97.19,   600.79
  722.29,    95.50,   726.62
  727.88,   223.39,   476.98
  725.57,   221.81,   602.55
  723.81,   219.89,   728.23
  730.80,   348.71,   479.74
  728.81,   347.90,   605.06
  726.17,   346.98,   730.38
  850.62,    96.35,   477.03
  848.12,    94.95,   601.80
  846.17,    94.24,   726.93
  852.82,   220.73,   478.29
  849.98,   220.03,   604.00
  847.58,   219.08,   729.86
  856.06,   346.57,   480.49
  853.86,   346.39,   606.22
  850.98,   345.75,   732.02
  601.55,   100.27,   601.04
  602.74,   100.87,   726.67
  603.73,   102.40,   852.21
  598.04,   224.78,   599.35
  598.98,   225.58,   724.88
  599.47,   227.02,   850.36
  594.01,   348.68,   598.58
  594.21,   351.02,   723.73
  594.91,   353.59,   848.00
  725.55,   103.40,   599.88
  726.60,   104.86,   725.75
  728.79,   106.33,   851.33
  722.14,   228.12,   598.42
  722.74,   229.54,   724.11
  724.03,   231.21,   849.04
  719.79,   354.03,   597.68
  719.60,   356.49,   723.02
  720.01,   358.20,   847.11
  849.90,   106.63,   598.46
  850.24,   109.14,   723.77
  852.71,   110.91,   849.44
  846.64,   231.91,   597.44
  846.62,   234.31,   723.34
  848.38,   235.49,   848.47
  845.03,   358.24,   596.36
  844.59,   360.97,   722.10
  844.96,   361.95,   846.60
  598.79,   225.20,    98.76
  596.77,   228.57,   223.59
  594.39,   232.70,   348.07
  600.39,   350.80,    95.42
  597.95,   354.15,   219.85
  596.59,   356.84,   345.02
  602.47,   476.16,    92.05
  600.03,   479.62,   216.40
  599.07,   481.68,   341.84
  722.91,   223.67,   101.58
  721.20,   227.04,   226.27
  719.65,   229.91,   350.19
  724.68,   348.90,    97.70
  722.78,   352.06,   222.72
  722.11,   354.68,   347.81
  727.62,   473.66,    93.76
  725.28,   476.96,   219.02
  724.66,   479.86,   344.69
  847.22,   221.38,   103.64
  845.77,   224.06,   228.31
  844.64,   226.70,   352.25
  849.55,   346.23,   100.56
  847.68,   349.37,   225.35
  847.23,   352.07,   349.64
  853.05,   470.80,    96.86
  850.69,   474.17,   221.84
  849.82,   477.42,   346.57
  600.18,   226.49,   225.97
  598.27,   229.38,   350.47
  596.55,   231.69,   475.30
  596.88,   352.05,   223.40
  595.97,   353.53,   348.61
  594.68,   355.17,   474.06
  594.46,   477.53,   221.12
  593.94,   478.32,   346.59
  592.80,   479.62,   472.24
  724.59,   229.42,   228.08
  723.54,   231.01,   352.02
  721.55,   233.02,   476.65
  721.71,   354.43,   225.69
  721.52,   355.84,   350.83
  720.59,   358.23,   475.89
  719.72,   479.38,   223.17
  719.57,   481.03,   348.88
  719.08,   483.51,   474.17
  849.15,   230.87,   229.57
  848.53,   232.27,   353.55
  846.53,   234.26,   478.06
  846.64,   356.24,   227.75
  846.67,   357.73,   352.10
  845.98,   360.17,   476.86
  845.17,   481.07,   225.39
  844.77,   483.13,   350.23
  844.33,   485.83,   475.25
  599.25,   226.85,   350.03
  602.74,   228.05,   474.80
  606.38,   228.38,   599.99
  602.01,   351.00,   349.26
  605.99,   351.61,   474.67
  609.26,   352.54,   600.08
  605.05,   475.80,   348.35
  609.24,   476.15,   473.99
  612.31,   477.47,   599.36
  724.45,   223.41,   346.40
  727.64,   224.22,   470.91
  730.40,   224.99,   596.43
  727.44,   348.20,   346.27
  731.75,   349.48,   471.23
  734.97,   351.09,   596.50
  730.53,   473.41,   345.43
  735.38,   474.89,   470.65
  738.90,   476.84,   595.68
  849.35,   219.58,   342.79
  852.56,   220.30,   467.15
  854.89,   221.89,   592.75
  852.40,   344.94,   342.35
  856.91,   346.04,   466.90
  859.97,   348.09,   592.51
  855.56,   470.29,   341.50
  860.30,   471.66,   466.42
  863.80,   473.48,   591.78
  598.78,   227.41,   475.54
  595.40,   223.17,   600.65
  591.99,   218.36,   726.07
  599.76,   350.88,   480.16
  595.88,   347.11,   605.47
  591.70,   343.80,   730.46
  600.72,   475.32,   484.23
  596.50,   471.90,   609.56
  591.71,   469.39,   734.42
  723.69,   225.74,   478.71
  719.42,   221.81,   604.16
  715.71,   217.50,   729.74
  725.59,   350.99,   483.79
  721.56,   347.80,   609.02
  716.92,   344.48,   734.21
  727.03,   476.37,   487.95
  723.12,   473.55,   612.97
  717.99,   470.69,   737.77
  848.58,   224.01,   482.01
  843.72,   220.97,   607.66
  839.38,   217.58,   733.36
  850.87,   349.90,   486.59
  846.62,   347.40,   612.22
  841.72,   344.33,   737.81
  852.17,   475.57,   490.85
  848.40,   472.96,   616.13
  843.46,   470.00,   741.10
  598.88,   223.76,   597.82
  596.33,   220.30,   723.30
  593.33,   217.39,   848.84
  600.52,   347.76,   601.33
  597.19,   345.80,   726.41
  594.38,   343.99,   850.66
  602.31,   472.60,   604.09
  598.39,   471.42,   729.03
  595.77,   469.95,   852.96
  722.91,   221.37,   600.42
  720.05,   218.44,   726.07
  717.95,   215.80,   851.04
  726.21,   347.40,   603.95
  722.47,   345.46,   729.23
  719.46,   342.74,   853.25
  728.94,   473.18,   606.59
  724.72,   471.68,   731.46
  721.40,   468.64,   855.30
  847.27,   219.44,   602.98
  843.77,   217.48,   728.78
  842.37,   214.37,   853.87
  851.25,   345.82,   606.21
  847.25,   344.18,   731.94
  844.40,   340.66,   856.30
  854.10,   471.35,   608.84
  850.10,   469.79,   733.93
  846.74,   466.38,   857.91
  599.84,   349.35,   101.54
  599.70,   350.91,   226.08
  600.53,   351.91,   351.31
  597.62,   474.84,    99.84
  597.57,   476.38,   224.30
  598.79,   476.70,   349.83
  596.41,   600.02,    98.52
  596.46,   601.75,   223.10
  597.15,   602.44,   348.12
  724.18,   351.65,   101.56
  724.55,   353.00,   226.66
  726.09,   353.91,   351.80
  722.84,   476.48,    99.31
  722.83,   477.95,   224.67
  724.42,   479.14,   350.39
  722.24,   601.04,    97.89
  722.28,   602.82,   222.93
  722.89,   604.34,   348.20
  849.14,   353.11,   102.15
  849.47,   354.50,   227.00
  851.21,   355.47,   351.31
  848.42,   477.71,   100.09
  848.28,   479.35,   225.17
  849.59,   480.88,   349.97
  848.10,   601.89,    97.95
  848.11,   603.84,   223.27
  847.81,   605.81,   348.13
  600.50,   349.62,   223.41
  600.50,   349.57,   348.63
  600.11,   349.70,   474.08
  600.86,   475.11,   222.70
  601.27,   474.37,   348.24
  601.06,   474.19,   473.91
  602.28,   600.47,   222.55
  602.17,   600.10,   347.61
  601.87,   600.04,   472.88
  725.35,   349.22,   224.85
  726.05,   349.04,   349.96
  725.98,   349.87,   474.99
  726.14,   474.16,   223.94
  726.90,   474.28,   349.66
  727.34,   475.27,   474.94
  728.10,   599.03,   223.26
  727.90,   599.51,   348.56
  727.75,   600.40,   473.61
  850.27,   348.18,   226.03
  851.17,   348.06,   350.32
  851.30,   348.86,   475.05
  851.57,   473.07,   225.29
  852.08,   473.49,   350.05
  852.51,   474.56,   475.09
  853.84,   597.58,   224.50
  852.78,   598.48,   349.35
  852.16,   599.57,   474.19
  599.19,   351.56,   351.90
  602.58,   348.66,   477.30
  605.27,   346.06,   602.66
  596.23,   476.25,   354.66
  599.73,   473.03,   480.30
  602.13,   470.81,   605.69
  593.33,   601.93,   357.17
  596.77,   598.77,   482.41
  599.62,   596.45,   607.63
  724.66,   354.87,   349.55
  728.39,   352.64,   474.52
  730.98,   350.69,   599.76
  721.79,   480.05,   352.37
  725.97,   477.97,   477.60
  728.79,   476.35,   602.64
  719.02,   605.23,   354.39
  722.60,   603.01,   479.40
  725.58,   600.93,   604.17
  849.69,   357.77,   346.26
  853.66,   355.41,   470.87
  856.10,   353.95,   596.44
  846.88,   483.13,   349.12
  851.05,   481.10,   474.07
  853.95,   479.45,   599.35
  843.88,   608.03,   351.46
  846.96,   606.03,   476.24
  850.01,   603.77,   601.25
  598.53,   350.21,   477.36
  594.42,   348.21,   602.72
  589.98,   346.72,   727.77
  599.81,   474.67,   479.64
  595.38,   473.02,   605.00
  590.34,   472.29,   729.92
  600.97,   600.52,   481.02
  597.03,   598.81,   606.24
  592.47,   597.80,   731.22
  724.35,   350.04,   481.25
  720.11,   348.65,   606.52
  715.25,   347.17,   731.76
  726.08,   475.43,   483.63
  721.99,   474.40,   608.68
  716.64,   473.37,   733.51
  726.82,   600.55,   484.71
  722.97,   599.10,   609.47
  718.06,   597.36,   733.94
  849.62,   348.69,   484.30
  845.18,   348.01,   609.96
  840.06,   346.78,   735.59
  851.24,   474.40,   486.77
  847.28,   473.59,   612.08
  842.12,   472.45,   737.08
  851.19,   599.36,   488.27
  847.53,   597.83,   613.25
  843.29,   595.78,   737.60
  599.46,   349.48,   600.52
  594.99,   349.77,   725.60
  591.06,   350.27,   849.83
  596.17,   474.21,   600.87
  591.15,   475.25,   725.82
  587.39,   476.12,   849.80
  593.52,   599.93,   600.19
  589.05,   600.70,   725.22
  585.05,   601.17,   849.79
  725.17,   354.28,   604.33
  720.28,   354.65,   729.59
  716.13,   354.20,   853.56
  722.76,   479.90,   604.53
  717.44,   480.65,   729.36
  712.98,   479.96,   853.23
  719.42,   604.50,   603.40
  714.60,   604.50,   727.88
  710.12,   603.70,   852.34
  850.26,   357.87,   607.76
  845.14,   358.52,   733.43
  841.08,   357.23,   857.66
  847.98,   483.36,   607.93
  842.90,   483.98,   732.89
  838.39,   482.80,   856.82
  843.90,   607.57,   607.10
  839.74,   607.18,   731.47
  835.70,   606.29,   855.54
  599.05,   476.71,   101.07
  599.55,   474.78,   225.55
  601.32,   471.68,   351.10
  596.84,   601.90,   103.19
  597.44,   600.11,   227.77
  598.68,   597.34,   352.82
  595.09,   726.69,   105.45
  596.40,   725.09,   230.09
  596.31,   723.29,   354.34
  724.28,   479.33,   100.09
  724.80,   477.37,   225.47
  726.92,   475.14,   351.19
  722.67,   603.89,   102.11
  723.25,   602.22,   227.16
  724.40,   600.32,   352.45
  721.47,   728.28,   104.58
  722.55,   726.88,   229.06
  721.78,   725.15,   353.41
  849.87,   481.56,   100.40
  850.23,   479.78,   225.48
  852.05,   477.87,   350.26
  848.56,   605.72,   101.71
  849.04,   604.26,   227.03
  849.26,   602.82,   351.89
  847.12,   730.05,   103.47
  848.14,   728.53,   228.29
  846.79,   726.96,   352.69
  599.17,   476.23,   224.52
  601.80,   477.23,   350.05
  603.81,   478.81,   475.70
  603.24,   601.53,   222.60
  605.35,   602.93,   347.63
  607.28,   604.65,   472.85
  608.52,   726.36,   220.79
  609.25,   728.74,   345.02
  610.58,   730.76,   469.49
  724.36,   472.62,   223.60
  727.36,   474.46,   349.30
  730.03,   477.21,   474.55
  728.97,   597.41,   221.15
  731.01,   599.62,   346.43
  733.06,   602.26,   471.42
  734.56,   721.96,   218.90
  734.69,   724.32,   343.27
  735.36,   726.44,   467.61
  849.70,   468.86,   222.81
  852.45,   470.98,   347.54
  855.09,   473.73,   472.53
  854.63,   593.30,   220.25
  855.81,   595.89,   345.08
  857.33,   598.66,   469.89
  859.95,   717.47,   217.43
  859.59,   720.04,   341.86
  859.42,   722.50,   466.29
  601.78,   473.91,   351.73
  602.01,   470.53,   477.38
  601.12,   468.09,   602.80
  602.48,   599.60,   354.31
  602.64,   596.30,   479.59
  602.17,   593.80,   604.84
  603.42,   725.52,   356.65
  603.16,   722.55,   481.23
  603.41,   719.74,   606.46
  727.42,   474.04,   352.65
  728.31,   471.82,   477.90
  727.81,   470.01,   602.99
  728.21,   599.24,   354.77
  728.55,   596.93,   479.82
  728.22,   594.73,   604.64
  728.87,   724.01,   356.55
  728.00,   721.22,   480.98
  727.85,   718.20,   605.76
  852.59,   473.44,   352.53
  853.48,   471.27,   477.54
  853.06,   469.57,   602.90
  853.05,   598.41,   355.05
  852.95,   596.28,   479.90
  852.76,   593.93,   604.98
  853.80,   722.58,   356.73
  852.07,   720.10,   481.22
  851.50,   717.25,   606.09
  601.31,   474.94,   473.85
  600.25,   477.80,   599.27
  598.51,   481.61,   724.23
  598.11,   600.70,   470.69
  597.55,   603.47,   595.92
  596.41,   606.93,   720.93
  594.86,   726.98,   467.07
  594.97,   729.52,   592.24
  594.74,   732.08,   717.96
  727.56,   480.01,   474.52
  726.92,   483.51,   599.58
  724.91,   487.00,   724.41
  723.94,   605.02,   471.05
  723.47,   608.04,   595.82
  722.00,   610.68,   720.28
  719.70,   729.35,   466.96
  719.28,   731.57,   591.68
  718.92,   733.20,   716.63
  852.65,   483.28,   474.35
  852.10,   486.85,   599.66
  850.33,   490.15,   724.66
  848.31,   608.18,   471.25
  847.87,   611.08,   596.22
  847.05,   613.34,   720.68
  843.87,   731.83,   467.21
  842.83,   734.23,   591.95
  843.20,   735.87,   716.57
  598.92,   474.01,   599.74
  601.38,   472.79,   724.68
  604.98,   471.26,   848.61
  599.14,   599.77,   601.53
  602.07,   598.19,   726.45
  605.40,   596.17,   850.88
  599.51,   725.79,   602.95
  603.34,   723.18,   728.51
  606.84,   720.61,   853.58
  725.60,   476.84,   595.98
  727.81,   475.33,   720.83
  730.64,   472.38,   844.76
  725.10,   601.54,   597.36
  727.75,   599.24,   721.82
  730.62,   596.00,   846.16
  723.84,   725.07,   598.28
  727.57,   721.65,   723.09
  731.07,   718.67,   847.93
  850.85,   477.35,   591.92
  853.19,   475.61,   717.02
  855.95,   472.53,   841.23
  849.56,   601.73,   593.72
  852.84,   599.05,   718.23
  856.24,   596.18,   842.18
  847.41,   725.01,   594.58
  851.96,   721.69,   719.22
  856.62,   718.81,   843.83
  598.15,   600.25,    99.58
  595.54,   597.14,   224.10
  593.64,   592.95,   349.10
  602.48,   724.99,   103.25
  600.63,   722.03,   227.84
  597.40,   718.86,   352.07
  606.08,   849.43,   106.53
  604.76,   846.29,   231.36
  601.31,   843.45,   355.25
  723.85,   596.15,   101.47
  721.22,   593.11,   226.50
  719.33,   589.79,   351.80
  728.81,   720.43,   105.33
  726.61,   717.70,   229.80
  722.82,   714.62,   354.18
  732.96,   844.97,   108.86
  731.20,   841.95,   233.41
  726.55,   838.54,   357.55
  849.61,   591.90,   104.17
  846.87,   589.05,   229.42
  844.24,   586.23,   354.27
  854.35,   716.11,   107.26
  852.05,   713.27,   232.16
  847.69,   710.41,   356.55
  858.11,   841.14,   110.50
  855.93,   837.56,   235.10
  851.30,   834.13,   359.62
  598.43,   602.78,   224.09
  595.60,   600.11,   349.07
  592.58,   597.68,   474.30
  602.41,   727.69,   226.37
  598.22,   726.05,   350.58
  594.79,   724.04,   475.11
  605.21,   851.99,   228.43
  600.96,   850.56,   352.35
  597.14,   848.82,   476.81
  724.17,   599.89,   227.43
  721.30,   598.07,   352.68
  718.49,   596.64,   477.72
  728.42,   724.52,   229.26
  723.62,   722.90,   353.60
  719.63,   721.07,   478.01
  731.70,   848.83,   231.45
  726.25,   846.83,   355.67
  721.35,   844.44,   479.95
  849.82,   596.99,   231.28
  846.17,   595.65,   356.09
  843.05,   594.53,   480.92
  853.81,   721.24,   232.52
  848.50,   719.82,   356.87
  843.72,   718.27,   481.29
  856.43,   845.65,   234.07
  850.97,   843.65,   358.68
  845.27,   841.63,   483.30
  598.16,   598.85,   349.67
  601.98,   596.26,   474.92
  605.20,   594.47,   600.13
  598.43,   724.81,   351.36
  601.77,   722.53,   475.88
  605.63,   720.39,   601.02
  598.82,   849.38,   353.31
  601.75,   847.31,   477.76
  605.14,   845.29,   603.27
  723.85,   599.26,   346.53
  727.83,   597.63,   471.56
  731.20,   596.16,   596.34
  723.91,   724.10,   347.68
  726.60,   721.98,   472.04
  730.01,   719.66,   596.75
  724.25,   848.09,   349.97
  726.03,   845.36,   474.23
  728.70,   842.82,   598.92
  848.75,   599.20,   343.24
  852.19,   597.75,   468.03
  855.59,   596.08,   593.09
  848.96,   723.40,   344.24
  850.72,   721.60,   468.66
  853.57,   719.52,   593.51
  849.14,   847.31,   346.28
  850.09,   845.12,   470.92
  852.35,   842.88,   595.23
  602.48,   599.39,   475.77
  605.55,   599.07,   600.98
  607.96,   599.39,   725.89
  599.62,   725.65,   475.34
  603.33,   724.98,   600.51
  606.65,   724.29,   726.08
  596.99,   850.41,   475.89
  600.18,   849.87,   601.47
  603.34,   848.93,   727.46
  728.26,   603.34,   472.54
  731.46,   603.28,   597.31
  733.60,   602.82,   721.77
  724.38,   727.64,   471.65
  727.61,   726.72,   596.37
  730.85,   725.18,   721.21
  721.28,   851.03,   472.62
  723.73,   849.99,   597.37
  727.16,   849.02,   722.36
  852.53,   606.04,   469.18
  855.73,   605.76,   594.24
  858.58,   604.96,   718.76
  848.48,   729.79,   468.40
  851.09,   729.12,   593.22
  855.19,   727.72,   717.88
  845.36,   853.32,   469.53
  847.43,   852.50,   593.85
  851.91,   851.95,   718.01
  601.76,   599.90,   599.99
  604.04,   600.79,   724.93
  606.69,   601.26,   849.43
  603.00,   725.89,   598.85
  606.17,   725.76,   724.44
  609.05,   725.66,   849.62
  603.25,   850.73,   599.14
  606.23,   850.36,   725.12
  609.87,   850.08,   850.10
  727.73,   600.68,   596.51
  729.70,   600.84,   720.98
  731.90,   600.04,   845.35
  727.34,   724.22,   594.90
  730.40,   723.26,   719.73
  733.26,   722.69,   844.60
  726.85,   847.44,   595.15
  730.14,   847.01,   720.14
  733.79,   847.51,   845.01
  852.18,   599.84,   593.57
  854.77,   599.64,   718.10
  857.52,   599.26,   842.06
  850.92,   723.22,   591.93
  854.78,   722.38,   716.60
  858.83,   721.94,   841.22
  850.54,   846.61,   591.77
  854.88,   846.56,   715.98
  859.47,   847.07,   841.39
