27, 125, pa2-debug-d-output1.txt
  207.29,   204.71,   193.73
  397.79,   395.20,   199.96
  101.61,    99.01,    98.47
  104.90,    98.40,   223.43
  108.18,    97.79,   348.38
  101.56,   224.01,    99.08
  104.84,   223.40,   224.04
  108.13,   222.79,   348.99
  101.50,   349.00,    99.69
  104.78,   348.40,   224.65
  108.07,   347.79,   349.61
  226.57,    99.08,    95.19
  229.85,    98.47,   220.15
  233.14,    97.86,   345.10
  226.51,   224.08,    95.80
  229.80,   223.47,   220.76
  233.08,   222.86,   345.71
  226.46,   349.08,    96.41
  229.74,   348.47,   221.37
  233.03,   347.86,   346.32
  351.53,    99.15,    91.91
  354.81,    98.55,   216.86
  358.10,    97.94,   341.82
  351.47,   224.15,    92.52
  354.75,   223.54,   217.47
  358.04,   222.94,   342.43
  351.41,   349.15,    93.13
  354.70,   348.54,   218.08
  357.98,   347.93,   343.04
  101.52,    99.81,   223.80
   98.73,    97.35,   348.74
   95.93,    94.89,   473.69
  104.03,   224.76,   226.31
  101.24,   222.30,   351.26
   98.44,   219.84,   476.20
  106.54,   349.71,   228.83
  103.75,   347.25,   353.77
  100.96,   344.79,   478.72
  226.46,    97.24,   226.54
  223.67,    94.78,   351.48
  220.88,    92.32,   476.43
  228.97,   222.19,   229.06
  226.18,   219.73,   354.00
  223.39,   217.27,   478.95
  231.49,   347.14,   231.57
  228.69,   344.68,   356.52
  225.90,   342.22,   481.46
  351.41,    94.68,   229.28
  348.61,    92.22,   354.23
  345.82,    89.76,   479.17
  353.92,   219.63,   231.80
  351.12,   217.17,   356.74
  348.33,   214.70,   481.69
  356.43,   344.57,   234.32
  353.64,   342.11,   359.26
  350.84,   339.65,   484.20
  100.13,   101.73,   349.73
  100.49,   102.92,   474.72
  100.86,   104.10,   599.71
  103.67,   226.68,   348.53
  104.04,   227.86,   473.53
  104.40,   229.04,   598.52
  107.21,   351.62,   347.34
  107.58,   352.80,   472.33
  107.94,   353.99,   597.33
  225.08,    98.19,   349.40
  225.44,    99.37,   474.39
  225.81,   100.55,   599.38
  228.62,   223.13,   348.20
  228.98,   224.32,   473.20
  229.35,   225.50,   598.19
  232.16,   348.08,   347.01
  232.53,   349.26,   472.00
  232.89,   350.44,   597.00
  350.03,    94.64,   349.07
  350.39,    95.83,   474.06
  350.75,    97.01,   599.05
  353.57,   219.59,   347.87
  353.93,   220.77,   472.87
  354.30,   221.95,   597.86
  357.11,   344.53,   346.68
  357.48,   345.71,   471.67
  357.84,   346.90,   596.67
  101.47,   101.08,   473.23
  102.16,   102.08,   598.22
  102.85,   103.08,   723.22
  104.47,   226.04,   472.21
  105.16,   227.04,   597.20
  105.85,   228.04,   722.20
  107.46,   351.00,   471.19
  108.16,   352.00,   596.19
  108.85,   353.00,   721.18
  226.43,    98.08,   472.56
  227.12,    99.08,   597.55
  227.82,   100.08,   722.55
  229.43,   223.04,   471.54
  230.12,   224.04,   596.54
  230.81,   225.04,   721.53
  232.42,   348.00,   470.52
  233.12,   349.00,   595.52
  233.81,   350.00,   720.51
  351.39,    95.08,   471.89
  352.09,    96.08,   596.88
  352.78,    97.08,   721.88
  354.39,   220.04,   470.87
  355.08,   221.04,   595.87
  355.78,   222.04,   720.86
  357.39,   345.00,   469.86
  358.08,   346.00,   594.85
  358.77,   347.00,   719.84
   98.05,    98.73,   599.80
  100.46,    95.42,   724.73
  102.87,    92.10,   849.67
   94.58,   223.64,   603.18
   96.99,   220.32,   728.11
   99.40,   217.01,   853.05
   91.12,   348.54,   606.56
   93.53,   345.23,   731.50
   95.94,   341.91,   856.43
  222.97,   102.26,   597.48
  225.38,    98.94,   722.42
  227.80,    95.63,   847.35
  219.51,   227.17,   600.87
  221.92,   223.85,   725.80
  224.33,   220.53,   850.73
  216.05,   352.07,   604.25
  218.46,   348.76,   729.18
  220.87,   345.44,   854.11
  347.90,   105.79,   595.17
  350.31,   102.47,   720.10
  352.72,    99.16,   845.03
  344.44,   230.69,   598.55
  346.85,   227.38,   723.48
  349.26,   224.06,   848.41
  340.98,   355.60,   601.93
  343.39,   352.28,   726.86
  345.80,   348.97,   851.80
  100.35,   223.15,   101.12
  102.13,   226.20,   226.07
  103.91,   229.24,   351.02
  101.84,   348.11,    98.05
  103.62,   351.15,   223.00
  105.40,   354.19,   347.95
  103.33,   473.06,    94.99
  105.11,   476.10,   219.94
  106.89,   479.15,   344.89
  225.32,   221.62,    99.37
  227.10,   224.66,   224.32
  228.89,   227.70,   349.27
  226.82,   346.57,    96.31
  228.60,   349.61,   221.26
  230.38,   352.66,   346.21
  228.31,   471.52,    93.24
  230.09,   474.57,   218.19
  231.87,   477.61,   343.14
  350.30,   220.08,    97.63
  352.08,   223.12,   222.58
  353.86,   226.17,   347.53
  351.80,   345.03,    94.57
  353.58,   348.08,   219.52
  355.36,   351.12,   344.47
  353.29,   469.99,    91.50
  355.07,   473.03,   216.45
  356.85,   476.07,   341.40
  100.74,   226.50,   226.59
  103.84,   227.65,   351.55
  106.94,   228.79,   476.51
  101.62,   351.49,   225.42
  104.72,   352.64,   350.38
  107.82,   353.78,   475.34
  102.51,   476.48,   224.26
  105.60,   477.63,   349.21
  108.70,   478.77,   474.17
  225.70,   225.59,   223.50
  228.80,   226.73,   348.46
  231.90,   227.88,   473.42
  226.58,   350.58,   222.33
  229.68,   351.73,   347.29
  232.78,   352.87,   472.25
  227.47,   475.57,   221.17
  230.56,   476.72,   346.12
  233.66,   477.86,   471.08
  350.66,   224.68,   220.41
  353.76,   225.82,   345.37
  356.85,   226.97,   470.33
  351.54,   349.67,   219.25
  354.64,   350.81,   344.20
  357.74,   351.96,   469.16
  352.42,   474.66,   218.08
  355.52,   475.81,   343.03
  358.62,   476.95,   467.99
  100.20,   225.73,   349.48
  102.96,   224.68,   474.45
  105.71,   223.63,   599.41
   99.95,   350.73,   350.54
  102.71,   349.68,   475.50
  105.46,   348.63,   600.47
   99.70,   475.72,   351.59
  102.46,   474.67,   476.56
  105.21,   473.62,   601.52
  225.17,   226.01,   346.73
  227.93,   224.95,   471.69
  230.68,   223.90,   596.66
  224.92,   351.00,   347.79
  227.68,   349.95,   472.75
  230.43,   348.90,   597.72
  224.67,   476.00,   348.84
  227.43,   474.95,   473.81
  230.18,   473.89,   598.77
  350.14,   226.28,   343.98
  352.90,   225.23,   468.94
  355.65,   224.18,   593.91
  349.89,   351.27,   345.03
  352.65,   350.22,   470.00
  355.40,   349.17,   594.96
  349.64,   476.27,   346.09
  352.40,   475.22,   471.06
  355.15,   474.17,   596.02
   98.93,   225.78,   474.11
   96.20,   223.37,   599.05
   93.47,   220.95,   724.00
   98.66,   350.76,   476.52
   95.93,   348.34,   601.47
   93.20,   345.93,   726.41
   98.39,   475.74,   478.93
   95.66,   473.32,   603.88
   92.93,   470.90,   728.83
  223.90,   226.00,   476.84
  221.17,   223.58,   601.79
  218.44,   221.17,   726.74
  223.63,   350.98,   479.25
  220.90,   348.56,   604.20
  218.17,   346.14,   729.15
  223.36,   475.95,   481.67
  220.63,   473.54,   606.61
  217.90,   471.12,   731.56
  348.87,   226.22,   479.58
  346.14,   223.80,   604.52
  343.41,   221.38,   729.47
  348.60,   351.20,   481.99
  345.87,   348.78,   606.94
  343.14,   346.36,   731.88
  348.33,   476.17,   484.40
  345.60,   473.75,   609.35
  342.87,   471.34,   734.29
   98.56,   225.91,   601.96
  102.12,   228.41,   726.89
  105.68,   230.91,   851.81
  101.04,   350.85,   599.39
  104.60,   353.36,   724.32
  108.16,   355.86,   849.24
  103.51,   475.80,   596.82
  107.07,   478.31,   721.74
  110.63,   480.81,   846.67
  223.49,   223.36,   598.46
  227.05,   225.86,   723.38
  230.61,   228.36,   848.30
  225.96,   348.31,   595.88
  229.52,   350.81,   720.81
  233.08,   353.31,   845.73
  228.44,   473.26,   593.31
  232.00,   475.76,   718.23
  235.56,   478.26,   843.16
  348.41,   220.81,   594.95
  351.97,   223.31,   719.87
  355.53,   225.82,   844.80
  350.89,   345.76,   592.38
  354.45,   348.26,   717.30
  358.01,   350.76,   842.22
  353.36,   470.71,   589.80
  356.92,   473.21,   714.73
  360.48,   475.71,   839.65
  100.19,   350.53,   101.66
   97.23,   350.35,   226.62
   94.26,   350.17,   351.59
  101.16,   475.53,   101.86
   98.20,   475.35,   226.83
   95.24,   475.17,   351.79
  102.13,   600.53,   102.06
   99.17,   600.34,   227.03
   96.21,   600.16,   351.99
  225.15,   349.56,   104.61
  222.19,   349.37,   229.58
  219.23,   349.19,   354.54
  226.12,   474.55,   104.82
  223.16,   474.37,   229.78
  220.20,   474.19,   354.75
  227.10,   599.55,   105.02
  224.14,   599.37,   229.99
  221.17,   599.18,   354.95
  350.11,   348.58,   107.57
  347.15,   348.39,   232.54
  344.19,   348.21,   357.50
  351.08,   473.57,   107.78
  348.12,   473.39,   232.74
  345.16,   473.21,   357.71
  352.06,   598.57,   107.98
  349.10,   598.39,   232.95
  346.14,   598.21,   357.91
  101.08,   351.39,   226.30
  101.64,   354.32,   351.26
  102.21,   357.25,   476.22
  102.54,   476.34,   223.36
  103.10,   479.28,   348.32
  103.67,   482.21,   473.29
  103.99,   601.30,   220.42
  104.56,   604.23,   345.38
  105.12,   607.17,   470.35
  226.07,   349.92,   225.77
  226.63,   352.85,   350.73
  227.20,   355.78,   475.69
  227.53,   474.88,   222.83
  228.09,   477.81,   347.79
  228.66,   480.74,   472.76
  228.98,   599.83,   219.89
  229.55,   602.77,   344.85
  230.11,   605.70,   469.82
  351.06,   348.45,   225.24
  351.62,   351.38,   350.20
  352.19,   354.31,   475.16
  352.52,   473.41,   222.30
  353.08,   476.34,   347.26
  353.65,   479.27,   472.23
  353.97,   598.36,   219.36
  354.54,   601.30,   344.32
  355.10,   604.23,   469.29
  101.28,   349.02,   348.82
  101.30,   352.50,   473.77
  101.32,   355.98,   598.72
   99.81,   473.97,   345.34
   99.83,   477.45,   470.29
   99.85,   480.93,   595.24
   98.34,   598.91,   341.86
   98.36,   602.39,   466.81
   98.38,   605.87,   591.77
  226.27,   350.49,   348.76
  226.29,   353.97,   473.71
  226.31,   357.45,   598.66
  224.80,   475.43,   345.28
  224.82,   478.91,   470.23
  224.84,   482.39,   595.18
  223.33,   600.38,   341.80
  223.35,   603.86,   466.75
  223.37,   607.34,   591.71
  351.26,   351.96,   348.70
  351.28,   355.44,   473.65
  351.30,   358.92,   598.60
  349.79,   476.90,   345.22
  349.81,   480.38,   470.17
  349.83,   483.86,   595.12
  348.32,   601.84,   341.74
  348.34,   605.32,   466.69
  348.36,   608.80,   591.65
   98.61,   349.21,   475.82
  100.17,   346.86,   600.79
  101.72,   344.52,   725.75
   97.16,   474.17,   478.18
   98.71,   471.83,   603.15
  100.27,   469.49,   728.12
   95.71,   599.14,   480.54
   97.26,   596.80,   605.51
   98.82,   594.46,   730.48
  223.59,   350.69,   474.29
  225.15,   348.34,   599.26
  226.70,   346.00,   724.23
  222.14,   475.65,   476.65
  223.70,   473.31,   601.62
  225.25,   470.97,   726.59
  220.69,   600.62,   479.01
  222.25,   598.28,   603.98
  223.80,   595.94,   728.95
  348.57,   352.17,   472.76
  350.13,   349.82,   597.73
  351.69,   347.48,   722.70
  347.12,   477.13,   475.12
  348.68,   474.79,   600.09
  350.23,   472.45,   725.06
  345.67,   602.10,   477.48
  347.23,   599.76,   602.45
  348.78,   597.42,   727.42
  100.75,   349.43,   600.83
   96.97,   351.69,   725.76
   93.20,   353.94,   850.68
   97.11,   474.36,   598.47
   93.33,   476.61,   723.39
   89.56,   478.86,   848.32
   93.47,   599.28,   596.11
   89.69,   601.54,   721.03
   85.92,   603.79,   845.95
  225.64,   353.14,   604.54
  221.86,   355.40,   729.46
  218.09,   357.65,   854.38
  222.00,   478.07,   602.18
  218.22,   480.32,   727.10
  214.45,   482.57,   852.02
  218.36,   602.99,   599.81
  214.58,   605.24,   724.74
  210.81,   607.50,   849.66
  350.53,   356.85,   608.24
  346.75,   359.10,   733.17
  342.98,   361.36,   858.09
  346.89,   481.78,   605.88
  343.11,   484.03,   730.80
  339.34,   486.28,   855.73
  343.25,   606.70,   603.52
  339.47,   608.95,   728.44
  335.70,   611.21,   853.36
  101.66,   476.18,    98.71
   99.87,   477.59,   223.69
   98.08,   479.00,   348.67
  104.48,   601.14,    97.34
  102.69,   602.55,   222.32
  100.90,   603.96,   347.30
  107.30,   726.10,    95.97
  105.51,   727.51,   220.95
  103.72,   728.92,   345.93
  226.61,   473.38,   100.53
  224.83,   474.79,   225.51
  223.04,   476.20,   350.49
  229.43,   598.34,    99.16
  227.65,   599.75,   224.14
  225.86,   601.16,   349.12
  232.25,   723.30,    97.79
  230.47,   724.71,   222.77
  228.68,   726.12,   347.75
  351.57,   470.58,   102.35
  349.78,   471.99,   227.32
  347.99,   473.40,   352.30
  354.39,   595.54,   100.98
  352.60,   596.95,   225.96
  350.81,   598.36,   350.94
  357.21,   720.50,    99.61
  355.42,   721.91,   224.59
  353.63,   723.32,   349.57
  100.56,   474.82,   226.29
   99.91,   478.27,   351.24
   99.26,   481.72,   476.19
  102.66,   599.76,   222.85
  102.01,   603.21,   347.80
  101.37,   606.66,   472.75
  104.76,   724.69,   219.41
  104.12,   728.14,   344.36
  103.47,   731.59,   469.31
  225.54,   472.74,   226.99
  224.89,   476.19,   351.94
  224.25,   479.64,   476.89
  227.64,   597.67,   223.55
  227.00,   601.12,   348.50
  226.35,   604.58,   473.45
  229.75,   722.61,   220.11
  229.10,   726.06,   345.06
  228.45,   729.51,   470.01
  350.52,   470.65,   227.70
  349.87,   474.11,   352.65
  349.23,   477.56,   477.60
  352.62,   595.59,   224.26
  351.98,   599.04,   349.21
  351.33,   602.49,   474.16
  354.73,   720.52,   220.82
  354.08,   723.98,   345.77
  353.43,   727.43,   470.72
  100.60,   475.55,   348.10
  103.79,   476.22,   473.06
  106.99,   476.89,   598.01
  102.29,   600.54,   347.39
  105.49,   601.21,   472.34
  108.68,   601.88,   597.30
  103.99,   725.53,   346.67
  107.19,   726.20,   471.63
  110.38,   726.87,   596.59
  225.54,   473.84,   344.91
  228.74,   474.51,   469.87
  231.94,   475.18,   594.83
  227.24,   598.83,   344.20
  230.44,   599.50,   469.16
  233.63,   600.17,   594.12
  228.94,   723.81,   343.49
  232.13,   724.48,   468.45
  235.33,   725.15,   593.40
  350.49,   472.13,   341.73
  353.69,   472.80,   466.69
  356.88,   473.47,   591.64
  352.19,   597.11,   341.02
  355.38,   597.78,   465.97
  358.58,   598.45,   590.93
  353.89,   722.10,   340.30
  357.08,   722.77,   465.26
  360.28,   723.44,   590.22
  100.91,   473.90,   473.11
  104.20,   473.38,   598.07
  107.50,   472.86,   723.02
   99.60,   598.89,   473.66
  102.89,   598.37,   598.62
  106.18,   597.85,   723.58
   98.28,   723.88,   474.22
  101.57,   723.37,   599.17
  104.86,   722.85,   724.13
  225.86,   475.23,   469.82
  229.15,   474.71,   594.78
  232.45,   474.19,   719.73
  224.54,   600.22,   470.38
  227.84,   599.70,   595.33
  231.13,   599.19,   720.29
  223.23,   725.22,   470.93
  226.52,   724.70,   595.89
  229.81,   724.18,   720.84
  350.81,   476.56,   466.54
  354.10,   476.04,   591.49
  357.40,   475.52,   716.45
  349.49,   601.55,   467.09
  352.79,   601.03,   592.05
  356.08,   600.52,   717.00
  348.18,   726.55,   467.64
  351.47,   726.03,   592.60
  354.76,   725.51,   717.56
   99.91,   476.73,   600.52
  102.08,   473.10,   725.45
  104.26,   469.48,   850.37
   99.17,   601.67,   604.15
  101.34,   598.05,   729.08
  103.52,   594.43,   854.01
   98.43,   726.62,   607.79
  100.61,   722.99,   732.72
  102.78,   719.37,   857.64
  224.88,   477.53,   598.36
  227.06,   473.90,   723.29
  229.23,   470.28,   848.22
  224.15,   602.47,   602.00
  226.32,   598.85,   726.93
  228.50,   595.23,   851.86
  223.41,   727.42,   605.63
  225.59,   723.79,   730.56
  227.76,   720.17,   855.49
  349.86,   478.33,   596.21
  352.04,   474.70,   721.14
  354.21,   471.08,   846.07
  349.13,   603.27,   599.85
  351.30,   599.65,   724.78
  353.48,   596.03,   849.70
  348.39,   728.22,   603.48
  350.56,   724.59,   728.41
  352.74,   720.97,   853.34
   98.03,   600.75,    98.20
   96.18,   600.13,   223.18
   94.32,   599.50,   348.17
   99.87,   725.74,    98.86
   98.01,   725.11,   223.84
   96.16,   724.48,   348.82
  101.71,   850.72,    99.51
   99.85,   850.10,   224.49
   97.99,   849.47,   349.48
  223.01,   598.91,   100.05
  221.15,   598.28,   225.03
  219.29,   597.65,   350.02
  224.85,   723.89,   100.70
  222.99,   723.26,   225.69
  221.13,   722.64,   350.67
  226.68,   848.88,   101.36
  224.83,   848.25,   226.34
  222.97,   847.62,   351.33
  347.98,   597.06,   101.90
  346.12,   596.43,   226.88
  344.26,   595.80,   351.87
  349.82,   722.04,   102.55
  347.96,   721.42,   227.54
  346.10,   720.79,   352.52
  351.66,   847.03,   103.21
  349.80,   846.40,   228.19
  347.94,   845.77,   353.18
  101.87,   598.43,   224.63
   98.29,   598.77,   349.58
   94.70,   599.12,   474.53
  100.86,   723.42,   224.26
   97.27,   723.77,   349.20
   93.68,   724.12,   474.15
   99.84,   848.42,   223.88
   96.26,   848.77,   348.83
   92.67,   849.11,   473.77
  226.82,   599.45,   228.22
  223.23,   599.80,   353.17
  219.64,   600.15,   478.11
  225.80,   724.45,   227.84
  222.22,   724.80,   352.79
  218.63,   725.14,   477.74
  224.79,   849.44,   227.46
  221.20,   849.79,   352.41
  217.61,   850.14,   477.36
  351.76,   600.48,   231.80
  348.17,   600.82,   356.75
  344.59,   601.17,   481.70
  350.75,   725.47,   231.43
  347.16,   725.82,   356.37
  343.57,   726.17,   481.32
  349.73,   850.47,   231.05
  346.14,   850.82,   356.00
  342.56,   851.16,   480.94
   98.02,   599.45,   350.05
  101.71,   601.65,   474.98
  105.40,   603.85,   599.90
   98.31,   724.43,   347.84
  102.00,   726.63,   472.76
  105.69,   728.83,   597.69
   98.60,   849.41,   345.62
  102.29,   851.61,   470.55
  105.98,   853.81,   595.48
  222.96,   599.09,   346.37
  226.65,   601.29,   471.29
  230.34,   603.50,   596.22
  223.26,   724.07,   344.15
  226.95,   726.27,   469.08
  230.64,   728.48,   594.00
  223.55,   849.05,   341.94
  227.24,   851.25,   466.86
  230.93,   853.46,   591.79
  347.91,   598.73,   342.68
  351.60,   600.93,   467.61
  355.29,   603.14,   592.53
  348.20,   723.71,   340.47
  351.89,   725.91,   465.39
  355.58,   728.12,   590.32
  348.49,   848.69,   338.25
  352.18,   850.89,   463.18
  355.87,   853.10,   588.11
   98.94,   600.11,   476.30
  101.22,   600.70,   601.27
  103.51,   601.29,   726.25
   96.52,   725.08,   475.75
   98.81,   725.68,   600.73
  101.09,   726.27,   725.70
   94.11,   850.06,   475.20
   96.39,   850.65,   600.18
   98.68,   851.24,   725.15
  223.89,   602.51,   474.00
  226.18,   603.11,   598.98
  228.46,   603.70,   723.96
  221.48,   727.49,   473.45
  223.76,   728.08,   598.43
  226.05,   728.67,   723.41
  219.06,   852.46,   472.90
  221.35,   853.06,   597.88
  223.63,   853.65,   722.86
  348.85,   604.92,   471.70
  351.13,   605.51,   596.68
  353.42,   606.10,   721.66
  346.43,   729.89,   471.15
  348.72,   730.49,   596.13
  351.00,   731.08,   721.11
  344.02,   854.87,   470.60
  346.30,   855.46,   595.58
  348.59,   856.05,   720.56
  101.89,   600.02,   601.74
  104.81,   597.10,   726.67
  107.73,   594.18,   851.60
  100.45,   724.98,   604.69
  103.37,   722.06,   729.63
  106.28,   719.14,   854.56
   99.01,   849.94,   607.65
  101.92,   847.02,   732.58
  104.84,   844.09,   857.51
  226.85,   601.53,   598.86
  229.77,   598.61,   723.79
  232.68,   595.69,   848.72
  225.41,   726.49,   601.81
  228.32,   723.57,   726.74
  231.24,   720.65,   851.67
  223.96,   851.45,   604.77
  226.88,   848.53,   729.70
  229.80,   845.60,   854.63
  351.81,   603.04,   595.97
  354.72,   600.12,   720.91
  357.64,   597.20,   845.84
  350.36,   728.00,   598.93
  353.28,   725.08,   723.86
  356.20,   722.16,   848.79
  348.92,   852.96,   601.88
  351.84,   850.04,   726.82
  354.76,   847.12,   851.75
  224.56,    98.10,    98.67
  226.18,    99.95,   223.65
  227.81,   101.80,   348.62
  223.16,   223.08,    96.84
  224.78,   224.93,   221.82
  226.40,   226.78,   346.79
  221.75,   348.06,    95.01
  223.38,   349.91,   219.99
  225.00,   351.76,   344.97
  349.54,    99.48,    97.03
  351.17,   101.33,   222.01
  352.79,   103.18,   346.98
  348.14,   224.46,    95.20
  349.76,   226.31,   220.18
  351.38,   228.16,   345.15
  346.74,   349.44,    93.37
  348.36,   351.29,   218.35
  349.98,   353.14,   343.32
  474.53,   100.86,    95.39
  476.15,   102.71,   220.36
  477.77,   104.56,   345.34
  473.12,   225.84,    93.56
  474.74,   227.69,   218.54
  476.36,   229.54,   343.51
  471.72,   350.82,    91.73
  473.34,   352.67,   216.71
  474.96,   354.52,   341.68
  224.95,    99.83,   225.63
  227.08,   100.31,   350.61
  229.22,   100.80,   475.59
  224.52,   224.83,   225.16
  226.65,   225.31,   350.14
  228.79,   225.79,   475.12
  224.09,   349.82,   224.68
  226.22,   350.31,   349.66
  228.36,   350.79,   474.64
  349.93,   100.25,   223.49
  352.06,   100.73,   348.47
  354.20,   101.22,   473.45
  349.50,   225.25,   223.02
  351.63,   225.73,   348.00
  353.77,   226.22,   472.98
  349.07,   350.25,   222.54
  351.20,   350.73,   347.52
  353.34,   351.21,   472.50
  474.91,   100.67,   221.35
  477.05,   101.15,   346.33
  479.18,   101.64,   471.31
  474.48,   225.67,   220.88
  476.62,   226.15,   345.86
  478.75,   226.64,   470.84
  474.05,   350.67,   220.40
  476.19,   351.15,   345.38
  478.32,   351.64,   470.36
  225.87,   101.04,   349.05
  227.97,    98.85,   474.01
  230.08,    96.66,   598.98
  229.52,   225.97,   351.18
  231.62,   223.78,   476.14
  233.73,   221.59,   601.11
  233.17,   350.89,   353.31
  235.28,   348.71,   478.27
  237.38,   346.52,   603.23
  350.79,    97.42,   346.88
  352.90,    95.23,   471.85
  355.01,    93.04,   596.81
  354.45,   222.35,   349.01
  356.55,   220.16,   473.97
  358.66,   217.97,   598.94
  358.10,   347.28,   351.14
  360.21,   345.09,   476.10
  362.31,   342.90,   601.06
  475.72,    93.81,   344.71
  477.83,    91.62,   469.68
  479.93,    89.43,   594.64
  479.38,   218.73,   346.84
  481.48,   216.54,   471.80
  483.59,   214.36,   596.77
  483.03,   343.66,   348.97
  485.14,   341.47,   473.93
  487.24,   339.28,   598.89
  226.77,   101.61,   474.28
  227.79,   104.61,   599.24
  228.81,   107.60,   724.20
  225.26,   226.57,   471.30
  226.28,   229.56,   596.26
  227.30,   232.56,   721.22
  223.74,   351.52,   468.31
  224.76,   354.52,   593.27
  225.78,   357.51,   718.23
  351.76,   103.10,   473.22
  352.78,   106.10,   598.18
  353.80,   109.09,   723.14
  350.25,   228.06,   470.24
  351.26,   231.05,   595.20
  352.28,   234.05,   720.16
  348.73,   353.01,   467.26
  349.75,   356.01,   592.22
  350.77,   359.00,   717.18
  476.75,   104.59,   472.17
  477.77,   107.59,   597.13
  478.79,   110.58,   722.09
  475.23,   229.55,   469.19
  476.25,   232.54,   594.15
  477.27,   235.54,   719.11
  473.72,   354.50,   466.20
  474.74,   357.50,   591.16
  475.76,   360.49,   716.12
  226.80,   101.26,   598.53
  229.85,    98.94,   723.47
  232.89,    96.62,   848.41
  226.24,   226.23,   600.86
  229.29,   223.91,   725.80
  232.33,   221.59,   850.75
  225.69,   351.21,   603.20
  228.73,   348.89,   728.14
  231.77,   346.57,   853.08
  351.77,   101.87,   595.50
  354.81,    99.55,   720.44
  357.85,    97.23,   845.38
  351.21,   226.85,   597.83
  354.25,   224.53,   722.77
  357.29,   222.21,   847.71
  350.65,   351.83,   600.17
  353.69,   349.51,   725.11
  356.73,   347.18,   850.05
  476.73,   102.49,   592.46
  479.77,   100.17,   717.40
  482.81,    97.85,   842.35
  476.17,   227.46,   594.80
  479.21,   225.14,   719.74
  482.26,   222.82,   844.68
  475.61,   352.44,   597.13
  478.65,   350.12,   722.07
  481.70,   347.80,   847.02
  223.71,   224.35,   100.31
  224.96,   226.37,   225.28
  226.21,   228.38,   350.26
  222.48,   349.33,    98.30
  223.73,   351.34,   223.28
  224.98,   353.36,   348.26
  221.24,   474.31,    96.30
  222.49,   476.32,   221.28
  223.74,   478.34,   346.26
  348.70,   225.57,    99.04
  349.95,   227.58,   224.01
  351.20,   229.59,   348.99
  347.46,   350.54,    97.03
  348.72,   352.56,   222.01
  349.97,   354.57,   346.99
  346.23,   475.52,    95.03
  347.48,   477.54,   220.01
  348.73,   479.55,   344.99
  473.69,   226.78,    97.76
  474.94,   228.79,   222.74
  476.19,   230.81,   347.72
  472.45,   351.76,    95.76
  473.70,   353.77,   220.74
  474.95,   355.79,   345.72
  471.22,   476.73,    93.76
  472.47,   478.75,   218.74
  473.72,   480.76,   343.71
  226.76,   225.06,   223.52
  226.90,   224.39,   348.52
  227.03,   223.72,   473.52
  227.94,   350.05,   224.18
  228.07,   349.38,   349.18
  228.20,   348.72,   474.18
  229.11,   475.04,   224.85
  229.24,   474.38,   349.85
  229.38,   473.71,   474.85
  351.76,   223.88,   223.38
  351.89,   223.22,   348.38
  352.02,   222.55,   473.38
  352.93,   348.88,   224.04
  353.06,   348.21,   349.04
  353.20,   347.54,   474.04
  354.10,   473.87,   224.71
  354.24,   473.20,   349.71
  354.37,   472.54,   474.71
  476.75,   222.71,   223.24
  476.88,   222.05,   348.24
  477.02,   221.38,   473.24
  477.92,   347.70,   223.90
  478.06,   347.04,   348.90
  478.19,   346.37,   473.90
  479.10,   472.70,   224.57
  479.23,   472.03,   349.57
  479.37,   471.36,   474.57
  224.84,   225.10,   350.23
  224.24,   225.86,   475.23
  223.64,   226.61,   600.22
  221.83,   350.06,   349.46
  221.23,   350.82,   474.45
  220.64,   351.58,   599.45
  218.82,   475.02,   348.69
  218.22,   475.78,   473.68
  217.63,   476.54,   598.68
  349.80,   228.11,   350.81
  349.20,   228.87,   475.80
  348.61,   229.63,   600.80
  346.79,   353.07,   350.04
  346.19,   353.83,   475.03
  345.60,   354.59,   600.03
  343.78,   478.03,   349.26
  343.19,   478.79,   474.26
  342.59,   479.55,   599.26
  474.76,   231.12,   351.39
  474.16,   231.88,   476.38
  473.57,   232.64,   601.38
  471.75,   356.08,   350.61
  471.16,   356.84,   475.61
  470.56,   357.60,   600.61
  468.75,   481.04,   349.84
  468.15,   481.80,   474.84
  467.55,   482.56,   599.84
  225.33,   224.90,   475.44
  226.63,   222.35,   600.40
  227.93,   219.80,   725.37
  223.38,   349.85,   478.00
  224.68,   347.31,   602.97
  225.98,   344.76,   727.94
  221.43,   474.81,   480.57
  222.73,   472.27,   605.54
  224.02,   469.72,   730.50
  350.31,   226.87,   474.18
  351.61,   224.33,   599.15
  352.90,   221.78,   724.11
  348.36,   351.83,   476.75
  349.66,   349.29,   601.71
  350.95,   346.74,   726.68
  346.41,   476.79,   479.31
  347.71,   474.24,   604.28
  349.00,   471.70,   729.25
  475.29,   228.85,   472.92
  476.59,   226.31,   597.89
  477.88,   223.76,   722.86
  473.34,   353.81,   475.49
  474.63,   351.26,   600.46
  475.93,   348.72,   725.43
  471.39,   478.77,   478.06
  472.68,   476.22,   603.02
  473.98,   473.68,   727.99
  226.14,   225.52,   599.37
  229.35,   222.64,   724.29
  232.56,   219.75,   849.22
  223.93,   350.47,   602.31
  227.14,   347.58,   727.24
  230.35,   344.70,   852.16
  221.72,   475.41,   605.25
  224.93,   472.53,   730.18
  228.14,   469.64,   855.10
  351.08,   227.81,   596.21
  354.29,   224.92,   721.14
  357.50,   222.04,   846.07
  348.87,   352.75,   599.16
  352.08,   349.87,   724.08
  355.29,   346.98,   849.01
  346.66,   477.70,   602.10
  349.87,   474.81,   727.02
  353.08,   471.93,   851.95
  476.02,   230.09,   593.06
  479.23,   227.21,   717.99
  482.44,   224.32,   842.91
  473.81,   355.04,   596.00
  477.02,   352.15,   720.93
  480.23,   349.27,   845.85
  471.60,   479.98,   598.94
  474.81,   477.10,   723.87
  478.01,   474.21,   848.80
  225.70,   349.38,   100.86
  222.86,   345.91,   225.78
  220.03,   342.43,   350.70
  222.30,   474.29,   104.26
  219.47,   470.82,   229.18
  216.64,   467.34,   354.10
  218.91,   599.20,   107.66
  216.08,   595.72,   232.58
  213.24,   592.25,   357.49
  350.62,   352.70,   103.78
  347.79,   349.22,   228.70
  344.95,   345.75,   353.62
  347.22,   477.61,   107.18
  344.39,   474.13,   232.10
  341.56,   470.65,   357.02
  343.83,   602.51,   110.58
  341.00,   599.04,   235.50
  338.17,   595.56,   360.42
  475.54,   356.01,   106.70
  472.71,   352.54,   231.62
  469.88,   349.06,   356.54
  472.14,   480.92,   110.10
  469.31,   477.45,   235.02
  466.48,   473.97,   359.94
  468.75,   605.83,   113.50
  465.92,   602.35,   238.42
  463.09,   598.88,   363.34
  226.32,   351.88,   226.00
  227.75,   351.95,   351.00
  229.18,   352.03,   475.99
  224.22,   476.86,   225.95
  225.65,   476.93,   350.94
  227.08,   477.01,   475.93
  222.12,   601.84,   225.90
  223.55,   601.92,   350.89
  224.98,   601.99,   475.88
  351.30,   353.97,   224.58
  352.72,   354.05,   349.57
  354.15,   354.13,   474.56
  349.20,   478.96,   224.52
  350.62,   479.03,   349.51
  352.05,   479.11,   474.51
  347.10,   603.94,   224.47
  348.52,   604.02,   349.46
  349.95,   604.09,   474.45
  476.27,   356.07,   223.15
  477.70,   356.15,   348.14
  479.13,   356.23,   473.13
  474.17,   481.06,   223.09
  475.60,   481.13,   348.09
  477.03,   481.21,   473.08
  472.07,   606.04,   223.04
  473.50,   606.12,   348.03
  474.93,   606.19,   473.03
  225.74,   348.95,   350.55
  227.30,   348.07,   475.54
  228.85,   347.19,   600.53
  228.80,   473.91,   351.40
  230.35,   473.03,   476.38
  231.91,   472.15,   601.37
  231.85,   598.87,   352.24
  233.41,   597.99,   477.23
  234.97,   597.11,   602.21
  350.69,   345.90,   348.98
  352.25,   345.02,   473.96
  353.81,   344.14,   598.95
  353.75,   470.86,   349.82
  355.31,   469.98,   474.80
  356.86,   469.10,   599.79
  356.80,   595.82,   350.66
  358.36,   594.94,   475.65
  359.92,   594.06,   600.63
  475.65,   342.86,   347.40
  477.20,   341.98,   472.38
  478.76,   341.10,   597.37
  478.70,   467.82,   348.24
  480.26,   466.94,   473.23
  481.82,   466.06,   598.21
  481.76,   592.78,   349.08
  483.31,   591.90,   474.07
  484.87,   591.02,   599.06
  226.72,   348.87,   473.98
  228.79,   348.17,   598.96
  230.87,   347.46,   723.94
  224.23,   473.85,   474.73
  226.31,   473.14,   599.71
  228.38,   472.43,   724.69
  221.74,   598.82,   475.48
  223.82,   598.11,   600.46
  225.89,   597.40,   725.44
  351.68,   351.38,   471.92
  353.75,   350.67,   596.90
  355.83,   349.96,   721.88
  349.19,   476.35,   472.67
  351.26,   475.64,   597.65
  353.34,   474.93,   722.63
  346.70,   601.32,   473.42
  348.78,   600.61,   598.40
  350.85,   599.90,   723.38
  476.64,   353.88,   469.86
  478.71,   353.17,   594.84
  480.79,   352.46,   719.82
  474.15,   478.85,   470.61
  476.22,   478.14,   595.59
  478.30,   477.43,   720.57
  471.66,   603.82,   471.36
  473.73,   603.11,   596.34
  475.81,   602.41,   721.32
  223.74,   349.85,   601.82
  221.46,   348.75,   726.79
  219.18,   347.66,   851.77
  220.73,   474.81,   602.86
  218.45,   473.71,   727.83
  216.17,   472.62,   852.81
  217.73,   599.76,   603.90
  215.45,   598.67,   728.87
  213.17,   597.58,   853.85
  348.69,   352.83,   604.13
  346.40,   351.74,   729.10
  344.12,   350.65,   854.08
  345.68,   477.79,   605.17
  343.40,   476.70,   730.14
  341.12,   475.61,   855.11
  342.67,   602.75,   606.20
  340.39,   601.66,   731.18
  338.11,   600.57,   856.15
  473.63,   355.82,   606.43
  471.35,   354.73,   731.41
  469.07,   353.63,   856.38
  470.62,   480.78,   607.47
  468.34,   479.69,   732.45
  466.06,   478.59,   857.42
  467.61,   605.74,   608.51
  465.33,   604.65,   733.48
  463.05,   603.55,   858.46
  224.93,   474.86,   100.08
  225.67,   472.86,   225.06
  226.41,   470.87,   350.04
  224.76,   599.84,   102.07
  225.50,   597.85,   227.06
  226.24,   595.85,   352.04
  224.59,   724.83,   104.07
  225.33,   722.83,   229.05
  226.07,   720.84,   354.03
  349.93,   475.04,    99.34
  350.67,   473.05,   224.33
  351.41,   471.05,   349.31
  349.76,   600.02,   101.34
  350.50,   598.03,   226.32
  351.24,   596.03,   351.30
  349.59,   725.01,   103.34
  350.33,   723.01,   228.32
  351.06,   721.02,   353.30
  474.93,   475.22,    98.61
  475.67,   473.23,   223.59
  476.40,   471.23,   348.57
  474.76,   600.21,   100.61
  475.50,   598.21,   225.59
  476.23,   596.22,   350.57
  474.59,   725.19,   102.60
  475.33,   723.20,   227.58
  476.06,   721.20,   352.57
  224.63,   476.58,   223.43
  226.81,   473.93,   348.38
  228.99,   471.29,   473.34
  228.20,   601.50,   226.01
  230.38,   598.86,   350.96
  232.56,   596.21,   475.92
  231.78,   726.42,   228.59
  233.96,   723.78,   353.55
  236.14,   721.13,   478.50
  349.56,   473.05,   221.17
  351.74,   470.41,   346.13
  353.92,   467.76,   471.08
  353.13,   597.97,   223.76
  355.31,   595.33,   348.71
  357.49,   592.68,   473.66
  356.70,   722.89,   226.34
  358.89,   720.25,   351.29
  361.07,   717.60,   476.24
  474.49,   469.52,   218.92
  476.67,   466.88,   343.87
  478.85,   464.23,   468.82
  478.06,   594.44,   221.50
  480.24,   591.80,   346.45
  482.42,   589.15,   471.41
  481.63,   719.37,   224.08
  483.82,   716.72,   349.04
  486.00,   714.08,   473.99
  223.43,   474.00,   349.38
  226.32,   474.29,   474.34
  229.20,   474.57,   599.31
  223.37,   599.00,   349.09
  226.25,   599.28,   474.06
  229.14,   599.57,   599.02
  223.31,   723.99,   348.80
  226.19,   724.28,   473.77
  229.08,   724.57,   598.73
  348.40,   474.05,   346.49
  351.28,   474.34,   471.46
  354.17,   474.63,   596.42
  348.33,   599.05,   346.20
  351.22,   599.34,   471.17
  354.11,   599.63,   596.14
  348.27,   724.05,   345.91
  351.16,   724.34,   470.88
  354.05,   724.63,   595.85
  473.36,   474.11,   343.60
  476.25,   474.39,   468.57
  479.14,   474.68,   593.54
  473.30,   599.10,   343.32
  476.19,   599.39,   468.28
  479.07,   599.68,   593.25
  473.24,   724.10,   343.03
  476.13,   724.39,   467.99
  479.01,   724.68,   592.96
  223.80,   473.59,   475.77
  220.24,   474.24,   600.72
  216.69,   474.88,   725.67
  222.89,   598.58,   475.10
  219.33,   599.23,   600.05
  215.78,   599.88,   724.99
  221.97,   723.58,   474.43
  218.42,   724.23,   599.37
  214.86,   724.87,   724.32
  348.75,   474.52,   479.32
  345.19,   475.17,   604.27
  341.64,   475.82,   729.22
  347.83,   599.51,   478.65
  344.28,   600.16,   603.60
  340.72,   600.81,   728.54
  346.92,   724.51,   477.97
  343.37,   725.16,   602.92
  339.81,   725.80,   727.87
  473.69,   475.45,   482.87
  470.14,   476.10,   607.82
  466.58,   476.75,   732.77
  472.78,   600.45,   482.20
  469.22,   601.09,   607.15
  465.67,   601.74,   732.09
  471.87,   725.44,   481.52
  468.31,   726.09,   606.47
  464.76,   726.74,   731.42
  223.00,   474.39,   598.92
  225.03,   476.91,   723.88
  227.05,   479.44,   848.84
  223.71,   599.36,   596.38
  225.74,   601.88,   721.34
  227.76,   604.41,   846.30
  224.42,   724.33,   593.85
  226.45,   726.86,   718.81
  228.47,   729.38,   843.76
  347.98,   473.64,   596.91
  350.01,   476.16,   721.87
  352.04,   478.69,   846.83
  348.69,   598.61,   594.37
  350.72,   601.13,   719.33
  352.74,   603.66,   844.29
  349.40,   723.58,   591.84
  351.43,   726.11,   716.80
  353.45,   728.63,   841.75
  472.97,   472.89,   594.90
  474.99,   475.41,   719.86
  477.02,   477.94,   844.81
  473.67,   597.86,   592.36
  475.70,   600.39,   717.32
  477.73,   602.91,   842.28
  474.38,   722.83,   589.83
  476.41,   725.36,   714.78
  478.43,   727.88,   839.74
  224.61,   599.41,   100.19
  226.87,   596.05,   225.12
  229.14,   592.69,   350.06
  224.69,   724.36,   103.55
  226.96,   721.00,   228.48
  229.22,   717.65,   353.42
  224.77,   849.32,   106.91
  227.04,   845.96,   231.84
  229.31,   842.60,   356.77
  349.59,   599.39,    97.92
  351.85,   596.03,   222.86
  354.12,   592.67,   347.79
  349.67,   724.34,   101.28
  351.94,   720.98,   226.21
  354.20,   717.62,   351.15
  349.75,   849.30,   104.64
  352.02,   845.94,   229.57
  354.29,   842.58,   354.51
  474.57,   599.36,    95.65
  476.83,   596.00,   220.59
  479.10,   592.64,   345.52
  474.65,   724.32,    99.01
  476.92,   720.96,   223.95
  479.18,   717.60,   348.88
  474.73,   849.27,   102.37
  477.00,   845.91,   227.30
  479.27,   842.55,   352.24
  223.75,   600.80,   226.99
  220.26,   597.91,   351.91
  216.78,   595.01,   476.83
  221.29,   725.74,   229.82
  217.81,   722.85,   354.73
  214.32,   719.96,   479.65
  218.83,   850.68,   232.64
  215.35,   847.79,   357.56
  211.86,   844.90,   482.48
  348.68,   603.18,   230.53
  345.19,   600.28,   355.45
  341.71,   597.39,   480.37
  346.22,   728.12,   233.36
  342.73,   725.23,   358.27
  339.25,   722.34,   483.19
  343.76,   853.06,   236.18
  340.27,   850.17,   361.10
  336.79,   847.28,   486.02
  473.60,   605.55,   234.07
  470.12,   602.66,   358.99
  466.63,   599.77,   483.91
  471.15,   730.50,   236.90
  467.66,   727.61,   361.82
  464.17,   724.72,   486.73
  468.69,   855.44,   239.72
  465.20,   852.55,   364.64
  461.72,   849.66,   489.56
  224.95,   599.58,   351.46
  224.68,   601.54,   476.45
  224.41,   603.51,   601.43
  227.25,   724.54,   349.51
  226.98,   726.51,   474.49
  226.71,   728.47,   599.48
  229.55,   849.51,   347.55
  229.28,   851.47,   472.53
  229.02,   853.43,   597.52
  349.92,   597.28,   351.77
  349.66,   599.24,   476.75
  349.39,   601.21,   601.74
  352.23,   722.24,   349.81
  351.96,   724.21,   474.80
  351.69,   726.17,   599.78
  354.53,   847.21,   347.85
  354.26,   849.17,   472.84
  353.99,   851.13,   597.82
  474.90,   594.98,   352.07
  474.63,   596.94,   477.06
  474.37,   598.91,   602.04
  477.21,   719.94,   350.12
  476.94,   721.91,   475.10
  476.67,   723.87,   600.08
  479.51,   844.91,   348.16
  479.24,   846.87,   473.14
  478.97,   848.83,   598.13
  223.72,   601.55,   476.93
  227.18,   600.45,   601.88
  230.64,   599.34,   726.82
  223.58,   726.55,   478.04
  227.05,   725.44,   602.99
  230.51,   724.34,   727.93
  223.45,   851.54,   479.15
  226.91,   850.44,   604.09
  230.37,   849.33,   729.04
  348.67,   601.71,   473.47
  352.13,   600.61,   598.42
  355.59,   599.51,   723.36
  348.54,   726.71,   474.58
  352.00,   725.61,   599.53
  355.46,   724.50,   724.47
  348.40,   851.70,   475.69
  351.86,   850.60,   600.63
  355.33,   849.50,   725.58
  473.62,   601.88,   470.01
  477.08,   600.77,   594.96
  480.54,   599.67,   719.90
  473.49,   726.87,   471.12
  476.95,   725.77,   596.07
  480.41,   724.67,   721.01
  473.36,   851.87,   472.23
  476.82,   850.76,   597.17
  480.28,   849.66,   722.12
  223.73,   599.72,   601.13
  223.74,   596.04,   726.07
  223.75,   592.36,   851.02
  226.57,   724.64,   604.81
  226.58,   720.96,   729.75
  226.59,   717.28,   854.70
  229.40,   849.55,   608.49
  229.41,   845.87,   733.43
  229.42,   842.19,   858.38
  348.70,   596.89,   601.04
  348.71,   593.21,   725.98
  348.72,   589.53,   850.93
  351.54,   721.81,   604.72
  351.54,   718.13,   729.66
  351.55,   714.44,   854.61
  354.37,   846.72,   608.40
  354.38,   843.04,   733.34
  354.39,   839.36,   858.29
  473.67,   594.06,   600.94
  473.68,   590.38,   725.89
  473.69,   586.70,   850.83
  476.50,   718.97,   604.62
  476.51,   715.29,   729.57
  476.52,   711.61,   854.51
  479.34,   843.89,   608.30
  479.35,   840.21,   733.25
  479.36,   836.53,   858.19
  348.56,    98.15,    98.70
  350.48,    99.72,   223.67
  352.39,   101.30,   348.65
  350.14,   223.13,    97.10
  352.05,   224.70,   222.07
  353.96,   226.28,   347.05
  351.71,   348.11,    95.50
  353.62,   349.68,   220.48
  355.53,   351.26,   345.45
  473.54,    96.55,    96.80
  475.45,    98.13,   221.78
  477.36,    99.70,   346.75
  475.11,   221.53,    95.21
  477.02,   223.11,   220.18
  478.94,   224.68,   345.16
  476.68,   346.51,    93.61
  478.60,   348.09,   218.58
  480.51,   349.66,   343.56
  598.51,    94.95,    94.91
  600.43,    96.53,   219.89
  602.34,    98.10,   344.86
  600.09,   219.93,    93.31
  602.00,   221.51,   218.29
  603.91,   223.08,   343.26
  601.66,   344.91,    91.71
  603.57,   346.49,   216.69
  605.48,   348.06,   341.66
  351.94,   101.37,   225.23
  349.10,   102.10,   350.19
  346.25,   102.83,   475.16
  349.20,   226.34,   224.44
  346.35,   227.06,   349.40
  343.50,   227.79,   474.37
  346.45,   351.30,   223.64
  343.60,   352.03,   348.61
  340.75,   352.76,   473.58
  476.88,   104.13,   228.06
  474.03,   104.86,   353.02
  471.19,   105.59,   477.99
  474.13,   229.10,   227.27
  471.29,   229.83,   352.23
  468.44,   230.56,   477.20
  471.39,   354.07,   226.47
  468.54,   354.80,   351.44
  465.69,   355.53,   476.41
  601.82,   106.90,   230.89
  598.97,   107.63,   355.85
  596.12,   108.36,   480.82
  599.07,   231.87,   230.10
  596.22,   232.59,   355.06
  593.38,   233.32,   480.03
  596.32,   356.83,   229.31
  593.48,   357.56,   354.27
  590.63,   358.29,   479.24
  350.49,    98.09,   349.62
  349.86,   100.92,   474.59
  349.23,   103.75,   599.56
  350.43,   223.06,   346.79
  349.80,   225.89,   471.76
  349.17,   228.72,   596.73
  350.37,   348.03,   343.96
  349.74,   350.86,   468.93
  349.11,   353.69,   593.90
  475.49,    98.17,   350.25
  474.86,   101.00,   475.22
  474.23,   103.83,   600.19
  475.43,   223.14,   347.42
  474.80,   225.96,   472.39
  474.16,   228.79,   597.36
  475.37,   348.10,   344.59
  474.74,   350.93,   469.56
  474.10,   353.76,   594.53
  600.49,    98.24,   350.88
  599.86,   101.07,   475.85
  599.22,   103.90,   600.82
  600.43,   223.21,   348.05
  599.80,   226.04,   473.02
  599.16,   228.87,   597.99
  600.37,   348.18,   345.22
  599.73,   351.01,   470.19
  599.10,   353.84,   595.16
  350.86,   101.06,   475.74
  350.17,   104.39,   600.69
  349.48,   107.72,   725.65
  348.55,   225.99,   472.40
  347.85,   229.32,   597.35
  347.16,   232.66,   722.30
  346.23,   350.93,   469.05
  345.54,   354.26,   594.01
  344.85,   357.59,   718.96
  475.84,   103.39,   476.37
  475.15,   106.73,   601.32
  474.46,   110.06,   726.28
  473.52,   228.33,   473.03
  472.83,   231.66,   597.98
  472.14,   234.99,   722.93
  471.21,   353.26,   469.68
  470.51,   356.59,   594.64
  469.82,   359.92,   719.59
  600.82,   105.73,   477.00
  600.12,   109.06,   601.95
  599.43,   112.39,   726.91
  598.50,   230.66,   473.65
  597.81,   233.99,   598.61
  597.12,   237.32,   723.56
  596.18,   355.60,   470.31
  595.49,   358.93,   595.26
  594.80,   362.26,   720.22
  349.10,    99.58,   600.76
  349.41,    96.39,   725.71
  349.73,    93.19,   850.67
  348.76,   224.54,   603.95
  349.07,   221.34,   728.91
  349.39,   218.15,   853.87
  348.42,   349.50,   607.15
  348.73,   346.30,   732.11
  349.05,   343.10,   857.07
  474.10,    99.93,   600.45
  474.41,    96.73,   725.41
  474.73,    93.54,   850.37
  473.76,   224.89,   603.65
  474.07,   221.69,   728.61
  474.39,   218.49,   853.57
  473.42,   349.85,   606.85
  473.73,   346.65,   731.81
  474.05,   343.45,   856.76
  599.10,   100.28,   600.14
  599.41,    97.08,   725.10
  599.73,    93.88,   850.06
  598.76,   225.24,   603.34
  599.07,   222.04,   728.30
  599.39,   218.84,   853.26
  598.42,   350.20,   606.54
  598.73,   347.00,   731.50
  599.05,   343.80,   856.46
  350.99,   223.21,   100.33
  351.62,   223.98,   225.32
  352.26,   224.75,   350.32
  352.15,   348.20,    99.55
  352.78,   348.97,   224.55
  353.42,   349.74,   349.54
  353.30,   473.19,    98.78
  353.94,   473.96,   223.77
  354.57,   474.73,   348.77
  475.98,   222.05,    99.70
  476.62,   222.82,   224.70
  477.25,   223.59,   349.69
  477.14,   347.04,    98.92
  477.77,   347.81,   223.92
  478.41,   348.58,   348.92
  478.30,   472.03,    98.15
  478.93,   472.80,   223.14
  479.57,   473.57,   348.14
  600.98,   220.89,    99.07
  601.61,   221.66,   224.07
  602.24,   222.42,   349.06
  602.13,   345.88,    98.30
  602.77,   346.65,   223.29
  603.40,   347.42,   348.29
  603.29,   470.87,    97.52
  603.92,   471.64,   222.52
  604.56,   472.41,   347.51
  349.17,   225.47,   223.49
  349.00,   229.06,   348.44
  348.83,   232.66,   473.39
  350.95,   350.40,   219.90
  350.78,   354.00,   344.85
  350.61,   357.60,   469.79
  352.73,   475.34,   216.30
  352.56,   478.94,   341.25
  352.38,   482.53,   466.20
  474.16,   223.69,   223.72
  473.99,   227.29,   348.67
  473.81,   230.89,   473.61
  475.94,   348.63,   220.12
  475.77,   352.23,   345.07
  475.59,   355.82,   470.02
  477.72,   473.56,   216.53
  477.55,   477.16,   341.48
  477.37,   480.76,   466.42
  599.15,   221.92,   223.94
  598.97,   225.52,   348.89
  598.80,   229.11,   473.84
  600.93,   346.86,   220.35
  600.75,   350.45,   345.30
  600.58,   354.05,   470.24
  602.71,   471.79,   216.75
  602.53,   475.39,   341.70
  602.36,   478.99,   466.65
  350.91,   224.47,   348.57
  351.45,   226.94,   473.54
  351.99,   229.40,   598.52
  350.54,   349.45,   346.11
  351.08,   351.91,   471.08
  351.62,   354.37,   596.06
  350.18,   474.43,   343.65
  350.72,   476.89,   468.62
  351.26,   479.35,   593.60
  475.91,   224.83,   348.02
  476.45,   227.29,   473.00
  476.99,   229.75,   597.97
  475.54,   349.80,   345.56
  476.08,   352.27,   470.54
  476.62,   354.73,   595.51
  475.18,   474.78,   343.10
  475.72,   477.24,   468.08
  476.26,   479.70,   593.05
  600.90,   225.18,   347.47
  601.44,   227.64,   472.45
  601.99,   230.11,   597.42
  600.54,   350.16,   345.01
  601.08,   352.62,   469.99
  601.62,   355.08,   594.96
  600.17,   475.13,   342.55
  600.72,   477.60,   467.53
  601.26,   480.06,   592.50
  348.51,   225.08,   473.25
  345.76,   228.14,   598.18
  343.00,   231.21,   723.11
  346.54,   350.02,   470.14
  343.79,   353.09,   595.07
  341.03,   356.16,   720.00
  344.57,   474.97,   467.03
  341.82,   478.04,   591.96
  339.06,   481.10,   716.89
  473.46,   227.11,   475.95
  470.71,   230.18,   600.89
  467.96,   233.25,   725.82
  471.50,   352.06,   472.84
  468.74,   355.13,   597.78
  465.99,   358.19,   722.71
  469.53,   477.00,   469.73
  466.77,   480.07,   594.66
  464.02,   483.14,   719.60
  598.42,   229.15,   478.66
  595.66,   232.22,   603.59
  592.91,   235.28,   728.52
  596.45,   354.10,   475.55
  593.70,   357.16,   600.48
  590.94,   360.23,   725.41
  594.48,   479.04,   472.44
  591.73,   482.11,   597.37
  588.97,   485.18,   722.30
  351.40,   223.78,   598.46
  348.75,   225.32,   723.42
  346.10,   226.87,   848.38
  352.65,   348.77,   596.94
  350.00,   350.31,   721.90
  347.35,   351.85,   846.87
  353.90,   473.75,   595.42
  351.25,   475.29,   720.39
  348.59,   476.84,   845.35
  476.37,   222.56,   601.12
  473.71,   224.11,   726.09
  471.06,   225.65,   851.05
  477.62,   347.55,   599.61
  474.96,   349.09,   724.57
  472.31,   350.63,   849.53
  478.87,   472.53,   598.09
  476.21,   474.08,   723.06
  473.56,   475.62,   848.02
  601.33,   221.35,   603.79
  598.68,   222.89,   728.76
  596.03,   224.43,   853.72
  602.58,   346.33,   602.28
  599.93,   347.87,   727.24
  597.28,   349.42,   852.20
  603.83,   471.32,   600.76
  601.18,   472.86,   725.72
  598.53,   474.40,   850.69
  351.25,   350.75,    98.95
  354.29,   350.28,   223.91
  357.33,   349.80,   348.88
  347.56,   475.70,    99.52
  350.60,   475.22,   224.48
  353.64,   474.75,   349.44
  343.87,   600.64,   100.08
  346.91,   600.17,   225.04
  349.95,   599.69,   350.01
  476.16,   354.46,    95.93
  479.20,   353.98,   220.89
  482.24,   353.51,   345.85
  472.47,   479.40,    96.49
  475.51,   478.93,   221.45
  478.55,   478.45,   346.42
  468.78,   604.34,    97.06
  471.82,   603.87,   222.02
  474.86,   603.39,   346.98
  601.06,   358.16,    92.90
  604.11,   357.68,   217.86
  607.15,   357.21,   342.82
  597.37,   483.10,    93.46
  600.42,   482.63,   218.43
  603.46,   482.15,   343.39
  593.68,   608.05,    94.03
  596.73,   607.57,   218.99
  599.77,   607.10,   343.95
  348.05,   351.16,   223.84
  349.70,   347.99,   348.79
  351.35,   344.83,   473.74
  346.99,   476.12,   227.02
  348.64,   472.95,   351.97
  350.29,   469.78,   476.92
  345.93,   601.07,   230.20
  347.58,   597.90,   355.15
  349.23,   594.74,   480.10
  473.03,   352.26,   222.22
  474.69,   349.10,   347.17
  476.34,   345.93,   472.11
  471.97,   477.22,   225.40
  473.62,   474.05,   350.35
  475.28,   470.89,   475.30
  470.91,   602.17,   228.58
  472.56,   599.01,   353.53
  474.21,   595.84,   478.48
  598.02,   353.37,   220.59
  599.67,   350.20,   345.54
  601.32,   347.03,   470.49
  596.96,   478.32,   223.77
  598.61,   475.15,   348.72
  600.26,   471.99,   473.67
  595.90,   603.28,   226.95
  597.55,   600.11,   351.90
  599.20,   596.94,   476.85
  351.09,   351.05,   349.33
  352.07,   352.74,   474.31
  353.06,   354.43,   599.29
  351.13,   476.03,   347.63
  352.12,   477.73,   472.62
  353.10,   479.42,   597.60
  351.18,   601.02,   345.94
  352.16,   602.72,   470.92
  353.15,   604.41,   595.91
  476.08,   350.99,   348.34
  477.07,   352.68,   473.32
  478.06,   354.38,   598.31
  476.13,   475.98,   346.65
  477.11,   477.67,   471.63
  478.10,   479.36,   596.61
  476.17,   600.96,   344.95
  477.16,   602.66,   469.94
  478.15,   604.35,   594.92
  601.08,   350.93,   347.35
  602.06,   352.62,   472.34
  603.05,   354.32,   597.32
  601.12,   475.92,   345.66
  602.11,   477.61,   470.64
  603.10,   479.31,   595.63
  601.17,   600.91,   343.96
  602.16,   602.60,   468.95
  603.14,   604.29,   593.93
  348.02,   349.79,   476.17
  348.83,   353.13,   601.12
  349.63,   356.47,   726.08
  349.08,   474.74,   472.82
  349.88,   478.08,   597.78
  350.69,   481.42,   722.73
  350.13,   599.69,   469.47
  350.94,   603.03,   594.43
  351.74,   606.37,   719.38
  473.01,   348.71,   475.39
  473.82,   352.05,   600.35
  474.62,   355.39,   725.30
  474.07,   473.66,   472.05
  474.87,   477.00,   597.00
  475.68,   480.34,   721.95
  475.12,   598.61,   468.70
  475.93,   601.95,   593.65
  476.74,   605.30,   718.60
  598.01,   347.63,   474.62
  598.81,   350.98,   599.57
  599.62,   354.32,   724.52
  599.06,   472.58,   471.27
  599.87,   475.93,   596.22
  600.67,   479.27,   721.17
  600.12,   597.54,   467.92
  600.92,   600.88,   592.87
  601.73,   604.22,   717.83
  348.97,   349.40,   599.67
  351.00,   349.46,   724.65
  353.02,   349.52,   849.64
  345.61,   474.35,   599.66
  347.64,   474.41,   724.65
  349.66,   474.48,   849.63
  342.25,   599.31,   599.65
  344.27,   599.37,   724.64
  346.30,   599.43,   849.62
  473.91,   352.76,   597.64
  475.94,   352.82,   722.63
  477.96,   352.88,   847.61
  470.55,   477.71,   597.64
  472.57,   477.78,   722.62
  474.60,   477.84,   847.60
  467.19,   602.67,   597.63
  469.21,   602.73,   722.61
  471.24,   602.79,   847.60
  598.85,   356.12,   595.62
  600.87,   356.18,   720.60
  602.90,   356.24,   845.59
  595.49,   481.07,   595.61
  597.51,   481.14,   720.59
  599.54,   481.20,   845.58
  592.13,   606.03,   595.60
  594.15,   606.09,   720.59
  596.18,   606.15,   845.57
  348.55,   476.57,   101.00
  345.09,   477.19,   225.95
  341.62,   477.82,   350.90
  347.50,   601.57,   100.35
  344.04,   602.19,   225.30
  340.58,   602.81,   350.25
  346.46,   726.56,    99.69
  342.99,   727.18,   224.64
  339.53,   727.81,   349.59
  473.50,   477.64,   104.46
  470.03,   478.26,   229.41
  466.57,   478.88,   354.36
  472.45,   602.63,   103.80
  468.99,   603.25,   228.75
  465.52,   603.88,   353.70
  471.40,   727.62,   103.15
  467.94,   728.25,   228.10
  464.48,   728.87,   353.05
  598.45,   478.70,   107.91
  594.98,   479.32,   232.86
  591.52,   479.95,   357.81
  597.40,   603.69,   107.26
  593.94,   604.32,   232.21
  590.47,   604.94,   357.16
  596.35,   728.69,   106.61
  592.89,   729.31,   231.56
  589.43,   729.94,   356.51
  351.83,   476.33,   225.94
  352.04,   475.49,   350.94
  352.25,   474.65,   475.93
  354.49,   601.30,   226.77
  354.71,   600.46,   351.77
  354.92,   599.62,   476.77
  357.16,   726.27,   227.61
  357.37,   725.43,   352.60
  357.58,   724.59,   477.60
  476.80,   473.66,   225.71
  477.01,   472.83,   350.70
  477.22,   471.99,   475.70
  479.46,   598.63,   226.54
  479.68,   597.79,   351.54
  479.89,   596.96,   476.54
  482.13,   723.60,   227.37
  482.34,   722.76,   352.37
  482.56,   721.92,   477.37
  601.77,   471.00,   225.48
  601.98,   470.16,   350.47
  602.20,   469.32,   475.47
  604.44,   595.97,   226.31
  604.65,   595.13,   351.31
  604.86,   594.29,   476.30
  607.10,   720.94,   227.14
  607.31,   720.10,   352.14
  607.53,   719.26,   477.14
  351.52,   473.25,   348.01
  349.50,   470.29,   472.96
  347.48,   467.32,   597.91
  348.93,   598.19,   350.94
  346.92,   595.23,   475.88
  344.90,   592.26,   600.83
  346.35,   723.13,   353.86
  344.34,   720.17,   478.81
  342.32,   717.20,   603.76
  476.47,   475.79,   350.09
  474.46,   472.82,   475.04
  472.44,   469.85,   599.98
  473.89,   600.73,   353.01
  471.88,   597.76,   477.96
  469.86,   594.79,   602.91
  471.31,   725.66,   355.94
  469.29,   722.70,   480.88
  467.28,   719.73,   605.83
  601.43,   478.32,   352.16
  599.41,   475.35,   477.11
  597.40,   472.39,   602.06
  598.85,   603.26,   355.09
  596.83,   600.29,   480.04
  594.82,   597.32,   604.99
  596.27,   728.20,   358.01
  594.25,   725.23,   482.96
  592.24,   722.26,   607.91
  351.37,   473.90,   475.11
  348.70,   477.06,   600.04
  346.04,   480.23,   724.97
  352.78,   598.85,   471.98
  350.12,   602.02,   596.91
  347.46,   605.18,   721.84
  354.20,   723.80,   468.84
  351.54,   726.97,   593.77
  348.87,   730.14,   718.70
  476.33,   472.55,   477.81
  473.67,   475.71,   602.74
  471.00,   478.88,   727.67
  477.75,   597.50,   474.67
  475.08,   600.67,   599.61
  472.42,   603.83,   724.54
  479.16,   722.45,   471.54
  476.50,   725.62,   596.47
  473.84,   728.79,   721.40
  601.29,   471.20,   480.51
  598.63,   474.36,   605.44
  595.97,   477.53,   730.37
  602.71,   596.15,   477.37
  600.05,   599.32,   602.30
  597.38,   602.48,   727.24
  604.13,   721.10,   474.24
  601.46,   724.27,   599.17
  598.80,   727.44,   724.10
  350.31,   476.31,   600.60
  346.65,   475.75,   725.54
  343.00,   475.19,   850.49
  352.17,   601.30,   601.21
  348.52,   600.74,   726.16
  344.87,   600.17,   851.10
  354.04,   726.28,   601.83
  350.39,   725.72,   726.78
  346.74,   725.16,   851.72
  475.24,   474.43,   604.24
  471.59,   473.87,   729.18
  467.94,   473.30,   854.13
  477.11,   599.41,   604.86
  473.46,   598.85,   729.80
  469.80,   598.29,   854.75
  478.98,   724.40,   605.47
  475.32,   723.84,   730.42
  471.67,   723.27,   855.36
  600.17,   472.54,   607.88
  596.52,   471.98,   732.83
  592.87,   471.42,   857.77
  602.04,   597.53,   608.50
  598.39,   596.96,   733.44
  594.74,   596.40,   858.39
  603.91,   722.51,   609.12
  600.26,   721.95,   734.06
  596.61,   721.39,   859.01
  349.49,   601.19,   100.60
  350.49,   603.30,   225.57
  351.50,   605.41,   350.55
  351.84,   726.15,    98.47
  352.84,   728.26,   223.45
  353.84,   730.37,   348.42
  354.19,   851.11,    96.34
  355.19,   853.22,   221.32
  356.19,   855.33,   346.30
  474.47,   598.82,    99.63
  475.47,   600.93,   224.61
  476.47,   603.04,   349.59
  476.81,   723.78,    97.51
  477.82,   725.89,   222.48
  478.82,   728.00,   347.46
  479.16,   848.74,    95.38
  480.16,   850.85,   220.36
  481.17,   852.96,   345.33
  599.44,   596.46,    98.67
  600.44,   598.57,   223.65
  601.44,   600.68,   348.63
  601.79,   721.42,    96.54
  602.79,   723.53,   221.52
  603.79,   725.64,   346.50
  604.14,   846.38,    94.42
  605.14,   848.49,   219.39
  606.14,   850.60,   344.37
  351.39,   598.06,   226.25
  348.48,   601.60,   351.17
  345.57,   605.14,   476.09
  351.66,   723.01,   222.72
  348.75,   726.55,   347.63
  345.84,   730.09,   472.55
  351.93,   847.96,   219.18
  349.02,   851.50,   344.09
  346.11,   855.04,   469.01
  476.35,   597.87,   229.17
  473.45,   601.41,   354.09
  470.54,   604.96,   479.00
  476.62,   722.82,   225.63
  473.71,   726.36,   350.55
  470.80,   729.91,   475.46
  476.89,   847.77,   222.09
  473.98,   851.31,   347.01
  471.07,   854.86,   471.93
  601.32,   597.69,   232.09
  598.41,   601.23,   357.00
  595.50,   604.77,   481.92
  601.59,   722.64,   228.55
  598.68,   726.18,   353.46
  595.77,   729.72,   478.38
  601.86,   847.59,   225.01
  598.95,   851.13,   349.93
  596.04,   854.67,   474.84
  349.87,   600.08,   349.20
  350.76,   596.41,   474.15
  351.65,   592.73,   599.09
  351.38,   725.01,   352.86
  352.27,   721.34,   477.81
  353.16,   717.67,   602.75
  352.90,   849.95,   356.52
  353.79,   846.28,   481.47
  354.68,   842.61,   606.41
  474.86,   598.59,   348.27
  475.75,   594.92,   473.21
  476.64,   591.25,   598.16
  476.37,   723.53,   351.93
  477.26,   719.86,   476.87
  478.15,   716.19,   601.82
  477.88,   848.47,   355.59
  478.77,   844.79,   480.53
  479.66,   841.12,   605.48
  599.85,   597.11,   347.34
  600.74,   593.43,   472.28
  601.63,   589.76,   597.22
  601.36,   722.04,   351.00
  602.25,   718.37,   475.94
  603.14,   714.70,   600.88
  602.87,   846.98,   354.66
  603.76,   843.31,   479.60
  604.65,   839.64,   604.54
  349.37,   599.32,   475.66
  348.97,   601.10,   600.65
  348.57,   602.87,   725.63
  350.09,   724.31,   473.89
  349.68,   726.08,   598.88
  349.28,   727.86,   723.86
  350.80,   849.29,   472.12
  350.39,   851.07,   597.10
  349.99,   852.84,   722.09
  474.37,   598.62,   476.07
  473.97,   600.39,   601.06
  473.56,   602.16,   726.05
  475.08,   723.60,   474.30
  474.68,   725.38,   599.29
  474.27,   727.15,   724.28
  475.79,   848.59,   472.53
  475.39,   850.36,   597.52
  474.99,   852.14,   722.50
  599.37,   597.91,   476.49
  598.96,   599.68,   601.48
  598.56,   601.46,   726.46
  600.08,   722.90,   474.72
  599.68,   724.67,   599.70
  599.27,   726.44,   724.69
  600.79,   847.88,   472.95
  600.39,   849.66,   597.93
  599.98,   851.43,   722.92
  348.17,   599.36,   601.60
  346.31,   597.25,   726.56
  344.45,   595.15,   851.53
  344.87,   724.30,   603.65
  343.01,   722.19,   728.62
  341.15,   720.09,   853.59
  341.57,   849.24,   605.71
  339.71,   847.13,   730.67
  337.85,   845.03,   855.64
  473.11,   602.63,   603.51
  471.25,   600.52,   728.48
  469.39,   598.42,   853.45
  469.81,   727.57,   605.57
  467.95,   725.46,   730.53
  466.09,   723.36,   855.50
  466.51,   852.51,   607.62
  464.65,   850.40,   732.59
  462.79,   848.30,   857.56
  598.06,   605.90,   605.42
  596.20,   603.79,   730.39
  594.34,   601.69,   855.36
  594.75,   730.84,   607.48
  592.89,   728.73,   732.45
  591.03,   726.63,   857.42
  591.45,   855.78,   609.54
  589.59,   853.67,   734.50
  587.73,   851.57,   859.47
  473.93,    98.28,   100.08
  472.48,    96.34,   225.06
  471.03,    94.40,   350.03
  470.69,   223.22,   101.98
  469.24,   221.28,   226.96
  467.79,   219.34,   351.93
  467.45,   348.16,   103.88
  466.00,   346.22,   228.86
  464.55,   344.28,   353.83
  598.88,   101.49,   101.58
  597.43,    99.56,   226.56
  595.98,    97.62,   351.53
  595.64,   226.44,   103.48
  594.19,   224.50,   228.46
  592.74,   222.56,   353.43
  592.40,   351.38,   105.38
  590.95,   349.44,   230.36
  589.50,   347.50,   355.33
  723.83,   104.71,   103.08
  722.38,   102.77,   228.05
  720.93,   100.84,   353.03
  720.59,   229.66,   104.98
  719.14,   227.72,   229.96
  717.69,   225.78,   354.93
  717.35,   354.60,   106.88
  715.90,   352.66,   231.86
  714.45,   350.72,   356.83
  474.22,   100.93,   226.28
  473.90,   100.05,   351.28
  473.58,    99.17,   476.28
  475.01,   225.93,   227.17
  474.69,   225.05,   352.16
  474.37,   224.17,   477.16
  475.81,   350.92,   228.05
  475.49,   350.04,   353.05
  475.17,   349.16,   478.04
  599.22,   100.14,   226.60
  598.89,    99.26,   351.59
  598.57,    98.38,   476.59
  600.01,   225.13,   227.48
  599.69,   224.25,   352.48
  599.37,   223.37,   477.47
  600.80,   350.13,   228.36
  600.48,   349.25,   353.36
  600.16,   348.36,   478.36
  724.21,    99.34,   226.91
  723.89,    98.46,   351.91
  723.57,    97.58,   476.90
  725.01,   224.34,   227.80
  724.69,   223.45,   352.79
  724.37,   222.57,   477.79
  725.80,   349.33,   228.68
  725.48,   348.45,   353.67
  725.16,   347.57,   478.67
  474.24,   101.82,   351.82
  472.84,   103.59,   476.80
  471.45,   105.35,   601.78
  476.74,   226.78,   350.08
  475.34,   228.55,   475.06
  473.95,   230.32,   600.04
  479.24,   351.75,   348.34
  477.85,   353.51,   473.32
  476.45,   355.28,   598.30
  599.21,    99.34,   353.25
  597.81,   101.10,   478.23
  596.41,   102.87,   603.21
  601.71,   224.30,   351.51
  600.31,   226.07,   476.49
  598.92,   227.83,   601.47
  604.21,   349.26,   349.77
  602.81,   351.03,   474.75
  601.42,   352.79,   599.73
  724.17,    96.85,   354.68
  722.78,    98.62,   479.66
  721.38,   100.39,   604.64
  726.68,   221.82,   352.94
  725.28,   223.58,   477.92
  723.88,   225.35,   602.90
  729.18,   346.78,   351.20
  727.78,   348.55,   476.18
  726.39,   350.31,   601.16
  475.82,   100.89,   473.34
  475.10,    99.43,   598.33
  474.38,    97.97,   723.32
  479.42,   225.83,   474.81
  478.70,   224.37,   599.80
  477.98,   222.91,   724.79
  483.01,   350.76,   476.29
  482.29,   349.31,   601.28
  481.57,   347.85,   726.27
  600.76,    97.28,   474.02
  600.04,    95.82,   599.01
  599.32,    94.37,   724.00
  604.36,   222.22,   475.49
  603.64,   220.76,   600.48
  602.92,   219.31,   725.47
  607.96,   347.16,   476.97
  607.24,   345.70,   601.96
  606.52,   344.25,   726.95
  725.71,    93.67,   474.69
  724.99,    92.22,   599.68
  724.27,    90.76,   724.67
  729.31,   218.61,   476.17
  728.59,   217.15,   601.16
  727.87,   215.70,   726.15
  732.91,   343.55,   477.65
  732.19,   342.09,   602.64
  731.47,   340.64,   727.63
  474.39,    98.96,   599.18
  473.86,    96.82,   724.16
  473.34,    94.68,   849.14
  471.31,   223.90,   601.31
  470.78,   221.76,   726.29
  470.26,   219.62,   851.27
  468.23,   348.85,   603.44
  467.71,   346.71,   728.42
  467.18,   344.57,   853.40
  599.35,   102.03,   599.76
  598.82,    99.89,   724.74
  598.30,    97.75,   849.72
  596.27,   226.97,   601.88
  595.75,   224.83,   726.86
  595.22,   222.69,   851.84
  593.19,   351.92,   604.01
  592.67,   349.78,   728.99
  592.14,   347.64,   853.97
  724.31,   105.10,   600.33
  723.79,   102.96,   725.31
  723.26,   100.82,   850.29
  721.23,   230.04,   602.46
  720.71,   227.90,   727.44
  720.18,   225.76,   852.42
  718.15,   354.99,   604.59
  717.63,   352.85,   729.57
  717.10,   350.71,   854.55
  473.56,   225.15,    98.83
  473.82,   227.77,   223.80
  474.08,   230.39,   348.78
  471.32,   350.10,    96.22
  471.58,   352.72,   221.19
  471.84,   355.34,   346.16
  469.07,   475.06,    93.60
  469.34,   477.67,   218.57
  469.60,   480.29,   343.55
  598.54,   227.39,    98.52
  598.80,   230.01,   223.49
  599.06,   232.63,   348.47
  596.30,   352.34,    95.91
  596.56,   354.96,   220.88
  596.82,   357.58,   345.85
  594.05,   477.29,    93.29
  594.31,   479.91,   218.27
  594.58,   482.53,   343.24
  723.52,   229.63,    98.21
  723.78,   232.25,   223.19
  724.04,   234.86,   348.16
  721.28,   354.58,    95.60
  721.54,   357.20,   220.57
  721.80,   359.82,   345.55
  719.03,   479.53,    92.99
  719.29,   482.15,   217.96
  719.56,   484.77,   342.93
  473.05,   223.84,   225.97
  470.23,   225.71,   350.92
  467.41,   227.59,   475.88
  474.99,   348.81,   224.14
  472.17,   350.69,   349.09
  469.35,   352.56,   474.05
  476.94,   473.78,   222.31
  474.12,   475.66,   347.26
  471.30,   477.53,   472.22
  598.00,   221.94,   228.82
  595.18,   223.81,   353.77
  592.36,   225.69,   478.73
  599.95,   346.91,   226.99
  597.13,   348.78,   351.94
  594.30,   350.66,   476.90
  601.89,   471.88,   225.16
  599.07,   473.75,   350.11
  596.25,   475.63,   475.06
  722.96,   220.03,   231.67
  720.13,   221.91,   356.62
  717.31,   223.78,   481.58
  724.90,   345.01,   229.84
  722.08,   346.88,   354.79
  719.26,   348.75,   479.75
  726.85,   469.98,   228.01
  724.02,   471.85,   352.96
  721.20,   473.73,   477.91
  473.80,   226.89,   349.71
  474.86,   229.04,   474.69
  475.93,   231.18,   599.66
  476.60,   351.84,   347.54
  477.66,   353.99,   472.52
  478.73,   356.13,   597.49
  479.40,   476.79,   345.37
  480.47,   478.94,   470.35
  481.53,   481.08,   595.32
  598.76,   224.07,   348.70
  599.83,   226.22,   473.67
  600.89,   228.36,   598.65
  601.56,   349.02,   346.53
  602.63,   351.17,   471.50
  603.69,   353.31,   596.48
  604.37,   473.97,   344.36
  605.43,   476.12,   469.33
  606.49,   478.26,   594.31
  723.73,   221.25,   347.68
  724.79,   223.40,   472.66
  725.85,   225.54,   597.63
  726.53,   346.20,   345.51
  727.59,   348.35,   470.49
  728.66,   350.49,   595.46
  729.33,   471.15,   343.34
  730.39,   473.30,   468.32
  731.46,   475.44,   593.29
  475.05,   225.41,   475.63
  472.80,   226.82,   600.61
  470.55,   228.22,   725.58
  475.06,   350.40,   474.23
  472.81,   351.81,   599.20
  470.56,   353.22,   724.17
  475.07,   475.40,   472.82
  472.82,   476.80,   597.79
  470.57,   478.21,   722.77
  600.03,   225.43,   477.88
  597.78,   226.83,   602.85
  595.53,   228.24,   727.82
  600.04,   350.42,   476.47
  597.79,   351.82,   601.45
  595.54,   353.23,   726.42
  600.05,   475.41,   475.07
  597.80,   476.82,   600.04
  595.55,   478.22,   725.01
  725.01,   225.44,   480.13
  722.76,   226.85,   605.10
  720.51,   228.25,   730.07
  725.02,   350.43,   478.72
  722.77,   351.84,   603.69
  720.52,   353.25,   728.67
  725.03,   475.43,   477.32
  722.78,   476.83,   602.29
  720.53,   478.24,   727.26
  473.88,   225.88,   599.88
  476.40,   222.33,   724.80
  478.91,   218.78,   849.72
  474.44,   350.83,   603.42
  476.96,   347.28,   728.34
  479.48,   343.73,   853.26
  475.00,   475.78,   606.96
  477.52,   472.23,   731.88
  480.04,   468.68,   856.81
  598.85,   225.39,   597.34
  601.37,   221.84,   722.27
  603.89,   218.29,   847.19
  599.41,   350.34,   600.88
  601.93,   346.79,   725.81
  604.45,   343.24,   850.73
  599.98,   475.29,   604.42
  602.49,   471.74,   729.35
  605.01,   468.19,   854.27
  723.83,   224.90,   594.81
  726.34,   221.35,   719.73
  728.86,   217.80,   844.66
  724.39,   349.85,   598.35
  726.91,   346.30,   723.27
  729.42,   342.75,   848.20
  724.95,   474.80,   601.89
  727.47,   471.25,   726.81
  729.98,   467.70,   851.74
  475.39,   349.02,   100.12
  477.17,   347.03,   225.09
  478.96,   345.03,   350.06
  472.02,   473.96,   102.17
  473.81,   471.96,   227.14
  475.59,   469.97,   352.11
  468.65,   598.90,   104.21
  470.44,   596.90,   229.18
  472.23,   594.90,   354.16
  600.33,   352.42,    98.39
  602.12,   350.42,   223.36
  603.90,   348.42,   348.33
  596.96,   477.36,   100.44
  598.75,   475.36,   225.41
  600.54,   473.36,   350.38
  593.60,   602.30,   102.48
  595.38,   600.30,   227.45
  597.17,   598.30,   352.42
  725.27,   355.82,    96.66
  727.06,   353.82,   221.63
  728.85,   351.82,   346.60
  721.90,   480.75,    98.70
  723.69,   478.76,   223.67
  725.48,   476.76,   348.65
  718.54,   605.69,   100.75
  720.32,   603.69,   225.72
  722.11,   601.69,   350.69
  473.13,   351.73,   223.98
  470.72,   348.01,   348.90
  468.32,   344.28,   473.82
  469.86,   476.64,   227.64
  467.46,   472.91,   352.56
  465.06,   469.18,   477.48
  466.60,   601.54,   231.30
  464.19,   597.81,   356.22
  461.79,   594.09,   481.15
  598.06,   354.92,   226.48
  595.66,   351.20,   351.40
  593.25,   347.47,   476.32
  594.80,   479.83,   230.14
  592.39,   476.10,   355.06
  589.99,   472.38,   479.98
  591.53,   604.73,   233.80
  589.13,   601.01,   358.72
  586.72,   597.28,   483.65
  723.00,   358.12,   228.98
  720.59,   354.39,   353.90
  718.19,   350.67,   478.82
  719.73,   483.02,   232.64
  717.33,   479.29,   357.56
  714.92,   475.57,   482.48
  716.47,   607.92,   236.30
  714.06,   604.20,   361.22
  711.66,   600.47,   486.14
  476.87,   348.15,   351.17
  477.51,   350.28,   476.15
  478.14,   352.42,   601.13
  474.30,   473.11,   349.05
  474.93,   475.24,   474.03
  475.57,   477.37,   599.01
  471.73,   598.06,   346.93
  472.36,   600.20,   471.91
  472.99,   602.33,   596.89
  601.85,   350.71,   350.49
  602.48,   352.84,   475.47
  603.11,   354.98,   600.45
  599.28,   475.67,   348.37
  599.91,   477.80,   473.35
  600.54,   479.93,   598.33
  596.70,   600.62,   346.25
  597.34,   602.76,   471.23
  597.97,   604.89,   596.21
  726.82,   353.27,   349.82
  727.45,   355.40,   474.80
  728.08,   357.54,   599.78
  724.25,   478.23,   347.70
  724.88,   480.36,   472.68
  725.51,   482.49,   597.66
  721.68,   603.18,   345.58
  722.31,   605.32,   470.56
  722.94,   607.45,   595.54
  476.71,   351.18,   475.33
  479.12,   351.50,   600.31
  481.52,   351.83,   725.28
  473.76,   476.14,   475.06
  476.17,   476.47,   600.04
  478.57,   476.79,   725.02
  470.81,   601.11,   474.80
  473.21,   601.43,   599.77
  475.62,   601.75,   724.75
  601.65,   354.13,   472.92
  604.06,   354.45,   597.89
  606.47,   354.77,   722.87
  598.70,   479.09,   472.65
  601.11,   479.41,   597.63
  603.51,   479.74,   722.60
  595.75,   604.05,   472.38
  598.16,   604.38,   597.36
  600.56,   604.70,   722.34
  726.59,   357.07,   470.50
  729.00,   357.39,   595.48
  731.41,   357.72,   720.45
  723.64,   482.04,   470.24
  726.05,   482.36,   595.21
  728.46,   482.68,   720.19
  720.69,   607.00,   469.97
  723.10,   607.32,   594.95
  725.50,   607.65,   719.92
  475.35,   348.86,   600.18
  475.08,   350.99,   725.17
  474.80,   353.12,   850.15
  475.54,   473.84,   598.05
  475.26,   475.97,   723.03
  474.99,   478.10,   848.01
  475.73,   598.82,   595.92
  475.45,   600.95,   720.90
  475.18,   603.08,   845.88
  600.35,   348.67,   600.46
  600.08,   350.81,   725.44
  599.80,   352.94,   850.43
  600.54,   473.66,   598.33
  600.26,   475.79,   723.31
  599.99,   477.92,   848.29
  600.73,   598.64,   596.20
  600.45,   600.77,   721.18
  600.18,   602.90,   846.16
  725.35,   348.49,   600.74
  725.08,   350.62,   725.72
  724.80,   352.76,   850.70
  725.54,   473.47,   598.61
  725.26,   475.61,   723.59
  724.99,   477.74,   848.57
  725.73,   598.46,   596.48
  725.45,   600.59,   721.46
  725.18,   602.72,   846.44
  473.22,   475.82,   100.80
  469.83,   476.19,   225.76
  466.44,   476.57,   350.71
  476.58,   600.77,   100.52
  473.19,   601.15,   225.47
  469.80,   601.52,   350.43
  479.94,   725.73,   100.24
  476.55,   726.10,   225.19
  473.16,   726.48,   350.14
  598.12,   472.47,   104.20
  594.74,   472.84,   229.15
  591.35,   473.21,   354.11
  601.49,   597.42,   103.92
  598.10,   597.79,   228.87
  594.71,   598.17,   353.82
  604.85,   722.38,   103.63
  601.46,   722.75,   228.59
  598.07,   723.12,   353.54
  723.03,   469.11,   107.59
  719.65,   469.49,   232.55
  716.26,   469.86,   357.50
  726.39,   594.07,   107.31
  723.01,   594.44,   232.26
  719.62,   594.82,   357.22
  729.76,   719.02,   107.03
  726.37,   719.40,   231.98
  722.98,   719.77,   356.94
  474.56,   476.49,   226.10
  478.07,   474.57,   351.03
  481.58,   472.64,   475.97
  477.01,   601.46,   227.95
  480.52,   599.53,   352.89
  484.03,   597.61,   477.82
  479.45,   726.42,   229.81
  482.96,   724.49,   354.74
  486.47,   722.57,   479.68
  599.49,   474.10,   222.55
  603.00,   472.18,   347.49
  606.51,   470.25,   472.42
  601.93,   599.07,   224.41
  605.44,   597.14,   349.34
  608.95,   595.22,   474.28
  604.38,   724.03,   226.26
  607.89,   722.10,   351.20
  611.40,   720.18,   476.13
  724.42,   471.71,   219.00
  727.93,   469.79,   343.94
  731.43,   467.86,   468.88
  726.86,   596.67,   220.86
  730.37,   594.75,   345.80
  733.88,   592.82,   470.73
  729.31,   721.64,   222.72
  732.81,   719.71,   347.65
  736.32,   717.79,   472.59
  474.08,   473.25,   350.52
  477.43,   475.85,   475.45
  480.78,   478.46,   600.38
  470.81,   598.18,   348.00
  474.16,   600.79,   472.93
  477.51,   603.39,   597.86
  467.54,   723.11,   345.48
  470.89,   725.72,   470.41
  474.24,   728.32,   595.34
  598.99,   476.45,   347.10
  602.34,   479.05,   472.03
  605.69,   481.66,   596.96
  595.72,   601.38,   344.59
  599.07,   603.98,   469.51
  602.42,   606.59,   594.44
  592.46,   726.31,   342.07
  595.81,   728.92,   466.99
  599.15,   731.52,   591.92
  723.90,   479.64,   343.69
  727.25,   482.25,   468.62
  730.60,   484.86,   593.54
  720.64,   604.58,   341.17
  723.99,   607.18,   466.10
  727.33,   609.79,   591.03
  717.37,   729.51,   338.65
  720.72,   732.12,   463.58
  724.07,   734.72,   588.51
  473.45,   473.76,   476.88
  474.99,   473.85,   601.87
  476.53,   473.95,   726.86
  475.91,   598.74,   476.76
  477.45,   598.83,   601.75
  478.99,   598.92,   726.74
  478.38,   723.72,   476.64
  479.91,   723.81,   601.63
  481.45,   723.90,   726.62
  598.42,   471.30,   475.35
  599.95,   471.39,   600.34
  601.49,   471.48,   725.33
  600.88,   596.28,   475.23
  602.42,   596.37,   600.22
  603.95,   596.46,   725.21
  603.34,   721.25,   475.10
  604.88,   721.34,   600.10
  606.42,   721.43,   725.09
  723.38,   468.84,   473.81
  724.92,   468.93,   598.80
  726.46,   469.02,   723.79
  725.85,   593.81,   473.69
  727.38,   593.90,   598.68
  728.92,   593.99,   723.67
  728.31,   718.79,   473.57
  729.84,   718.88,   598.56
  731.38,   718.97,   723.55
  473.44,   475.82,   601.82
  475.59,   477.78,   726.79
  477.74,   479.74,   851.76
  475.71,   600.79,   599.83
  477.86,   602.74,   724.79
  480.01,   604.70,   849.76
  477.98,   725.75,   597.83
  480.13,   727.71,   722.80
  482.28,   729.66,   847.76
  598.40,   473.52,   599.71
  600.55,   475.48,   724.68
  602.70,   477.43,   849.64
  600.67,   598.48,   597.71
  602.82,   600.44,   722.68
  604.97,   602.40,   847.65
  602.94,   723.45,   595.72
  605.09,   725.40,   720.68
  607.24,   727.36,   845.65
  723.37,   471.22,   597.60
  725.52,   473.18,   722.56
  727.67,   475.13,   847.53
  725.63,   596.18,   595.60
  727.78,   598.14,   720.57
  729.93,   600.10,   845.53
  727.90,   721.15,   593.60
  730.05,   723.10,   718.57
  732.20,   725.06,   843.54
  473.65,   598.10,   101.27
  470.15,   600.91,   226.19
  466.66,   603.73,   351.11
  472.96,   723.06,    98.44
  469.47,   725.88,   223.36
  465.98,   728.69,   348.28
  472.28,   848.03,    95.60
  468.78,   850.84,   220.52
  465.29,   853.66,   345.44
  598.60,   598.86,   104.75
  595.10,   601.68,   229.67
  591.61,   604.49,   354.59
  597.91,   723.83,   101.92
  594.42,   726.64,   226.84
  590.92,   729.46,   351.75
  597.23,   848.79,    99.08
  593.73,   851.61,   224.00
  590.24,   854.42,   348.92
  723.55,   599.63,   108.23
  720.05,   602.44,   233.15
  716.56,   605.26,   358.07
  722.86,   724.59,   105.39
  719.37,   727.41,   230.31
  715.87,   730.22,   355.23
  722.18,   849.56,   102.56
  718.68,   852.37,   227.48
  715.19,   855.19,   352.40
  473.83,   599.30,   226.80
  472.69,   595.71,   351.74
  471.56,   592.13,   476.68
  476.03,   724.23,   230.40
  474.90,   720.64,   355.34
  473.77,   717.06,   480.29
  478.24,   849.16,   234.00
  477.11,   845.57,   358.94
  475.97,   841.99,   483.89
  598.80,   597.06,   227.87
  597.67,   593.48,   352.81
  596.53,   589.89,   477.75
  601.01,   721.99,   231.47
  599.87,   718.40,   356.41
  598.74,   714.82,   481.36
  603.22,   846.92,   235.07
  602.08,   843.33,   360.01
  600.95,   839.75,   484.96
  723.78,   594.82,   228.93
  722.64,   591.24,   353.88
  721.51,   587.65,   478.82
  725.98,   719.75,   232.54
  724.85,   716.16,   357.48
  723.72,   712.58,   482.42
  728.19,   844.68,   236.14
  727.06,   841.09,   361.08
  725.92,   837.51,   486.03
  473.17,   599.13,   348.40
  472.23,   599.04,   473.39
  471.28,   598.95,   598.39
  472.67,   724.13,   348.48
  471.73,   724.04,   473.48
  470.79,   723.95,   598.48
  472.17,   849.13,   348.57
  471.23,   849.04,   473.57
  470.29,   848.95,   598.56
  598.16,   599.63,   349.34
  597.22,   599.54,   474.33
  596.28,   599.44,   599.33
  597.66,   724.62,   349.42
  596.72,   724.53,   474.42
  595.78,   724.44,   599.42
  597.16,   849.62,   349.51
  596.22,   849.53,   474.51
  595.28,   849.44,   599.50
  723.16,   600.12,   350.28
  722.22,   600.03,   475.28
  721.28,   599.94,   600.27
  722.66,   725.12,   350.37
  721.72,   725.03,   475.36
  720.78,   724.94,   600.36
  722.16,   850.12,   350.45
  721.22,   850.03,   475.45
  720.28,   849.94,   600.45
  473.59,   601.95,   476.69
  475.97,   600.38,   601.66
  478.35,   598.81,   726.63
  476.97,   726.89,   478.20
  479.36,   725.32,   603.16
  481.74,   723.75,   728.13
  480.36,   851.84,   479.70
  482.74,   850.27,   604.67
  485.13,   848.70,   729.64
  598.52,   598.59,   474.27
  600.90,   597.02,   599.23
  603.28,   595.45,   724.20
  601.90,   723.54,   475.77
  604.29,   721.97,   600.74
  606.67,   720.40,   725.71
  605.29,   848.48,   477.28
  607.68,   846.91,   602.24
  610.06,   845.34,   727.21
  723.45,   595.23,   471.84
  725.83,   593.66,   596.81
  728.21,   592.09,   721.78
  726.84,   720.18,   473.35
  729.22,   718.61,   598.31
  731.60,   717.04,   723.28
  730.22,   845.12,   474.85
  732.61,   843.55,   599.82
  734.99,   841.98,   724.79
  473.33,   598.56,   598.91
  473.33,   599.47,   723.90
  473.33,   600.38,   848.90
  474.61,   723.55,   597.99
  474.61,   724.46,   722.99
  474.61,   725.37,   847.99
  475.88,   848.54,   597.08
  475.89,   849.45,   722.08
  475.89,   850.36,   847.08
  598.32,   597.28,   598.91
  598.32,   598.19,   723.91
  598.33,   599.10,   848.90
  599.60,   722.27,   598.00
  599.60,   723.18,   723.00
  599.61,   724.09,   847.99
  600.88,   847.26,   597.09
  600.88,   848.17,   722.09
  600.88,   849.08,   847.08
  723.31,   596.00,   598.92
  723.32,   596.91,   723.91
  723.32,   597.82,   848.91
  724.59,   720.99,   598.01
  724.60,   721.90,   723.00
  724.60,   722.81,   848.00
  725.87,   845.98,   597.10
  725.87,   846.89,   722.09
  725.88,   847.80,   847.09
  599.82,   101.98,    98.11
  598.22,   101.09,   223.09
  596.63,   100.21,   348.08
  596.52,   226.93,    98.95
  594.93,   226.05,   223.94
  593.34,   225.16,   348.92
  593.23,   351.89,    99.79
  591.64,   351.00,   224.78
  590.04,   350.12,   349.76
  724.76,   105.26,    99.72
  723.17,   104.38,   224.71
  721.58,   103.49,   349.69
  721.47,   230.21,   100.56
  719.88,   229.33,   225.55
  718.29,   228.45,   350.54
  718.17,   355.17,   101.41
  716.58,   354.28,   226.39
  714.99,   353.40,   351.38
  849.71,   108.54,   101.34
  848.12,   107.66,   226.32
  846.53,   106.78,   351.31
  846.42,   233.50,   102.18
  844.82,   232.61,   227.16
  843.23,   231.73,   352.15
  843.12,   358.45,   103.02
  841.53,   357.57,   228.01
  839.94,   356.68,   352.99
  598.47,   100.87,   226.76
  601.67,   101.50,   351.72
  604.87,   102.12,   476.67
  601.87,   225.82,   226.04
  605.07,   226.45,   351.00
  608.27,   227.08,   475.96
  605.27,   350.77,   225.33
  608.47,   351.40,   350.28
  611.67,   352.03,   475.24
  723.39,    97.45,   223.58
  726.59,    98.08,   348.53
  729.79,    98.71,   473.49
  726.78,   222.40,   222.86
  729.99,   223.03,   347.82
  733.19,   223.66,   472.77
  730.18,   347.35,   222.14
  733.38,   347.98,   347.10
  736.58,   348.61,   472.06
  848.30,    94.04,   220.39
  851.50,    94.66,   345.35
  854.70,    95.29,   470.31
  851.70,   218.99,   219.68
  854.90,   219.62,   344.64
  858.10,   220.24,   469.59
  855.10,   343.94,   218.96
  858.30,   344.57,   343.92
  861.50,   345.20,   468.88
  600.72,   101.79,   348.66
  603.31,   101.87,   473.64
  605.90,   101.95,   598.61
  602.32,   226.78,   348.55
  604.91,   226.86,   473.52
  607.50,   226.94,   598.50
  603.93,   351.77,   348.44
  606.52,   351.85,   473.41
  609.11,   351.93,   598.38
  725.68,   100.18,   346.07
  728.27,   100.26,   471.05
  730.86,   100.34,   596.02
  727.28,   225.17,   345.96
  729.88,   225.25,   470.93
  732.47,   225.33,   595.91
  728.89,   350.16,   345.85
  731.48,   350.24,   470.82
  734.07,   350.32,   595.79
  850.64,    98.58,   343.48
  853.23,    98.66,   468.46
  855.82,    98.74,   593.43
  852.25,   223.57,   343.37
  854.84,   223.65,   468.34
  857.43,   223.73,   593.32
  853.85,   348.56,   343.26
  856.44,   348.64,   468.23
  859.03,   348.71,   593.20
  599.89,    98.71,   475.01
  598.17,    96.32,   599.98
  596.44,    93.94,   724.94
  596.14,   223.63,   477.34
  594.42,   221.25,   602.31
  592.70,   218.86,   727.27
  592.40,   348.55,   479.68
  590.67,   346.17,   604.64
  588.95,   343.78,   729.61
  724.82,   102.42,   476.81
  723.10,   100.04,   601.77
  721.37,    97.65,   726.74
  721.07,   227.35,   479.14
  719.35,   224.96,   604.10
  717.63,   222.57,   729.07
  717.33,   352.27,   481.47
  715.61,   349.88,   606.44
  713.88,   347.50,   731.40
  849.75,   106.14,   478.60
  848.03,   103.75,   603.56
  846.31,   101.37,   728.53
  846.01,   231.06,   480.93
  844.28,   228.67,   605.90
  842.56,   226.29,   730.86
  842.26,   355.98,   483.26
  840.54,   353.60,   608.23
  838.81,   351.21,   733.20
  598.70,   100.44,   598.87
  595.72,   103.84,   723.79
  592.74,   107.24,   848.71
  598.98,   225.40,   595.48
  596.00,   228.80,   720.40
  593.03,   232.19,   845.31
  599.26,   350.35,   592.09
  596.28,   353.75,   717.00
  593.31,   357.15,   841.92
  723.66,   100.24,   601.85
  720.69,   103.64,   726.77
  717.71,   107.04,   851.69
  723.94,   225.20,   598.46
  720.97,   228.60,   723.38
  717.99,   231.99,   848.30
  724.23,   350.15,   595.07
  721.25,   353.55,   719.99
  718.27,   356.95,   844.91
  848.63,   100.04,   604.84
  845.65,   103.44,   729.76
  842.67,   106.84,   854.67
  848.91,   225.00,   601.45
  845.93,   228.39,   726.36
  842.95,   231.79,   851.28
  849.19,   349.95,   598.05
  846.21,   353.35,   722.97
  843.24,   356.75,   847.89
  599.02,   223.40,   100.75
  597.15,   225.66,   225.71
  595.28,   227.92,   350.68
  599.07,   348.38,    98.49
  597.20,   350.64,   223.45
  595.33,   352.90,   348.42
  599.13,   473.36,    96.23
  597.26,   475.62,   221.19
  595.39,   477.88,   346.16
  724.00,   223.37,   102.62
  722.13,   225.63,   227.58
  720.26,   227.89,   352.55
  724.06,   348.35,   100.36
  722.19,   350.61,   225.32
  720.32,   352.87,   350.29
  724.12,   473.33,    98.10
  722.25,   475.59,   223.06
  720.38,   477.85,   348.03
  848.99,   223.35,   104.49
  847.12,   225.61,   229.45
  845.25,   227.87,   354.42
  849.04,   348.33,   102.23
  847.18,   350.59,   227.19
  845.31,   352.85,   352.16
  849.10,   473.31,    99.97
  847.23,   475.57,   224.93
  845.36,   477.83,   349.90
  600.08,   224.90,   226.56
  603.43,   225.17,   351.51
  606.77,   225.43,   476.47
  601.19,   349.90,   226.26
  604.53,   350.16,   351.22
  607.88,   350.43,   476.17
  602.30,   474.89,   225.97
  605.64,   475.16,   350.92
  608.99,   475.42,   475.88
  725.03,   223.79,   223.21
  728.38,   224.05,   348.17
  731.72,   224.32,   473.12
  726.14,   348.78,   222.92
  729.49,   349.05,   347.87
  732.83,   349.31,   472.83
  727.25,   473.78,   222.62
  730.59,   474.04,   347.58
  733.94,   474.31,   472.53
  849.98,   222.67,   219.87
  853.33,   222.94,   344.83
  856.67,   223.20,   469.78
  851.09,   347.67,   219.58
  854.44,   347.93,   344.53
  857.78,   348.20,   469.49
  852.20,   472.66,   219.28
  855.54,   472.93,   344.24
  858.89,   473.19,   469.19
  599.30,   226.00,   351.05
  599.09,   226.39,   476.05
  598.87,   226.79,   601.05
  596.74,   350.97,   350.65
  596.52,   351.37,   475.65
  596.30,   351.76,   600.65
  594.17,   475.95,   350.25
  593.95,   476.34,   475.25
  593.74,   476.73,   600.25
  724.28,   228.57,   351.26
  724.06,   228.96,   476.26
  723.84,   229.35,   601.25
  721.71,   353.54,   350.86
  721.49,   353.93,   475.86
  721.28,   354.33,   600.86
  719.14,   478.52,   350.46
  718.93,   478.91,   475.46
  718.71,   479.30,   600.46
  849.25,   231.14,   351.47
  849.03,   231.53,   476.46
  848.82,   231.92,   601.46
  846.68,   356.11,   351.07
  846.47,   356.50,   476.07
  846.25,   356.89,   601.07
  844.12,   481.08,   350.67
  843.90,   481.47,   475.67
  843.68,   481.87,   600.67
  600.68,   223.88,   476.14
  598.97,   222.81,   601.12
  597.27,   221.73,   726.11
  599.87,   348.87,   477.20
  598.16,   347.80,   602.19
  596.45,   346.73,   727.17
  599.05,   473.87,   478.27
  597.35,   472.79,   603.25
  595.64,   471.72,   728.23
  725.66,   224.68,   477.85
  723.96,   223.60,   602.84
  722.25,   222.53,   727.82
  724.85,   349.67,   478.92
  723.15,   348.60,   603.90
  721.44,   347.52,   728.88
  724.04,   474.66,   479.98
  722.33,   473.59,   604.96
  720.63,   472.52,   729.95
  850.65,   225.47,   479.57
  848.94,   224.40,   604.55
  847.24,   223.33,   729.53
  849.84,   350.47,   480.63
  848.13,   349.39,   605.61
  846.43,   348.32,   730.60
  849.03,   475.46,   481.69
  847.32,   474.39,   606.67
  845.61,   473.31,   731.66
  598.66,   226.20,   598.14
  597.95,   229.93,   723.08
  597.24,   233.67,   848.02
  594.93,   351.09,   594.38
  594.22,   354.82,   719.32
  593.51,   358.55,   844.27
  591.20,   475.97,   590.63
  590.49,   479.71,   715.57
  589.78,   483.44,   840.51
  723.60,   229.95,   598.73
  722.89,   233.68,   723.68
  722.18,   237.42,   848.62
  719.87,   354.83,   594.98
  719.16,   358.57,   719.92
  718.45,   362.30,   844.86
  716.14,   479.72,   591.23
  715.43,   483.46,   716.17
  714.72,   487.19,   841.11
  848.54,   233.69,   599.33
  847.83,   237.43,   724.28
  847.12,   241.16,   849.22
  844.81,   358.58,   595.58
  844.10,   362.32,   720.52
  843.39,   366.05,   845.46
  841.09,   483.47,   591.82
  840.37,   487.20,   716.77
  839.66,   490.94,   841.71
  599.48,   350.12,    98.30
  596.10,   346.99,   223.21
  592.71,   343.85,   348.13
  599.84,   475.08,   101.44
  596.46,   471.95,   226.36
  593.07,   468.81,   351.27
  600.20,   600.04,   104.59
  596.82,   596.91,   229.50
  593.44,   593.77,   354.41
  724.43,   349.67,   101.67
  721.05,   346.54,   226.59
  717.67,   343.41,   351.50
  724.79,   474.63,   104.81
  721.41,   471.50,   229.73
  718.03,   468.37,   354.64
  725.15,   599.59,   107.96
  721.77,   596.46,   232.87
  718.39,   593.33,   357.79
  849.39,   349.23,   105.04
  846.00,   346.09,   229.96
  842.62,   342.96,   354.87
  849.75,   474.19,   108.19
  846.36,   471.05,   233.10
  842.98,   467.92,   358.02
  850.11,   599.15,   111.33
  846.73,   596.01,   236.24
  843.34,   592.88,   361.16
  599.14,   348.40,   224.32
  595.74,   348.97,   349.27
  592.35,   349.54,   474.22
  596.75,   473.37,   223.68
  593.35,   473.94,   348.64
  589.96,   474.51,   473.59
  594.36,   598.35,   223.05
  590.96,   598.92,   348.00
  587.57,   599.49,   472.95
  724.07,   350.80,   227.70
  720.67,   351.37,   352.65
  717.28,   351.94,   477.61
  721.68,   475.78,   227.07
  718.28,   476.35,   352.02
  714.89,   476.92,   476.97
  719.29,   600.76,   226.43
  715.89,   601.32,   351.39
  712.50,   601.89,   476.34
  849.00,   353.21,   231.09
  845.61,   353.78,   356.04
  842.21,   354.35,   480.99
  846.61,   478.19,   230.45
  843.22,   478.76,   355.40
  839.82,   479.32,   480.36
  844.22,   603.16,   229.82
  840.82,   603.73,   354.77
  837.43,   604.30,   479.72
  600.00,   349.82,   349.92
  598.82,   351.17,   474.91
  597.64,   352.52,   599.90
  600.44,   474.81,   348.58
  599.26,   476.16,   473.56
  598.07,   477.51,   598.55
  600.88,   599.80,   347.23
  599.69,   601.15,   472.22
  598.51,   602.50,   597.21
  724.99,   349.40,   351.11
  723.81,   350.74,   476.09
  722.63,   352.09,   601.08
  725.43,   474.39,   349.76
  724.25,   475.73,   474.75
  723.07,   477.08,   599.74
  725.87,   599.38,   348.42
  724.69,   600.73,   473.41
  723.51,   602.07,   598.40
  849.99,   348.97,   352.29
  848.81,   350.32,   477.28
  847.62,   351.67,   602.27
  850.43,   473.96,   350.95
  849.24,   475.31,   475.94
  848.06,   476.66,   600.93
  850.86,   598.95,   349.61
  849.68,   600.30,   474.60
  848.50,   601.65,   599.58
  601.34,   349.96,   473.45
  602.40,   346.94,   598.41
  603.45,   343.92,   723.37
  599.37,   474.91,   476.49
  600.42,   471.89,   601.45
  601.48,   468.87,   726.40
  597.39,   599.85,   479.52
  598.45,   596.84,   604.48
  599.50,   593.82,   729.44
  726.32,   351.96,   472.45
  727.38,   348.94,   597.40
  728.43,   345.92,   722.36
  724.35,   476.91,   475.48
  725.40,   473.89,   600.44
  726.46,   470.87,   725.40
  722.37,   601.85,   478.51
  723.43,   598.84,   603.47
  724.48,   595.82,   728.43
  851.30,   353.96,   471.44
  852.36,   350.94,   596.40
  853.41,   347.92,   721.36
  849.33,   478.91,   474.47
  850.38,   475.89,   599.43
  851.44,   472.87,   724.39
  847.35,   603.85,   477.51
  848.41,   600.84,   602.47
  849.46,   597.82,   727.42
  601.18,   351.78,   601.56
  603.23,   354.79,   726.50
  605.27,   357.80,   851.45
  604.85,   476.69,   598.49
  606.90,   479.70,   723.43
  608.95,   482.71,   848.38
  608.53,   601.60,   595.41
  610.57,   604.61,   720.36
  612.62,   607.62,   845.31
  726.11,   348.06,   599.60
  728.16,   351.07,   724.55
  730.20,   354.08,   849.49
  729.78,   472.97,   596.53
  731.83,   475.98,   721.47
  733.88,   478.99,   846.42
  733.45,   597.87,   593.45
  735.50,   600.89,   718.40
  737.55,   603.90,   843.35
  851.04,   344.34,   597.64
  853.08,   347.35,   722.59
  855.13,   350.36,   847.53
  854.71,   469.24,   594.57
  856.76,   472.26,   719.51
  858.81,   475.27,   844.46
  858.38,   594.15,   591.50
  860.43,   597.16,   716.44
  862.48,   600.18,   841.39
  600.07,   475.73,    98.09
  601.10,   472.16,   223.03
  602.13,   468.59,   347.97
  597.79,   600.66,   101.68
  598.81,   597.09,   226.62
  599.84,   593.52,   351.57
  595.50,   725.59,   105.27
  596.53,   722.02,   230.21
  597.56,   718.44,   355.16
  725.04,   478.05,    97.12
  726.07,   474.47,   222.07
  727.10,   470.90,   347.01
  722.76,   602.97,   100.71
  723.79,   599.40,   225.66
  724.82,   595.83,   350.60
  720.48,   727.90,   104.30
  721.51,   724.33,   229.25
  722.53,   720.76,   354.19
  850.02,   480.36,    96.16
  851.05,   476.79,   221.11
  852.07,   473.21,   346.05
  847.74,   605.28,    99.75
  848.76,   601.71,   224.70
  849.79,   598.14,   349.64
  845.45,   730.21,   103.34
  846.48,   726.64,   228.29
  847.51,   723.07,   353.23
  600.31,   474.22,   225.82
  603.42,   476.11,   350.77
  606.54,   478.01,   475.72
  601.37,   599.20,   223.90
  604.49,   601.09,   348.85
  607.60,   602.99,   473.80
  602.43,   724.18,   221.98
  605.55,   726.08,   346.93
  608.66,   727.97,   471.88
  725.27,   473.11,   222.72
  728.38,   475.00,   347.67
  731.50,   476.90,   472.62
  726.33,   598.09,   220.80
  729.44,   599.98,   345.75
  732.56,   601.88,   470.70
  727.39,   723.07,   218.88
  730.51,   724.97,   343.83
  733.62,   726.86,   468.78
  850.22,   472.00,   219.63
  853.34,   473.89,   344.57
  856.45,   475.79,   469.52
  851.29,   596.98,   217.71
  854.40,   598.88,   342.65
  857.52,   600.77,   467.60
  852.35,   721.96,   215.78
  855.46,   723.86,   340.73
  858.58,   725.75,   465.68
  601.76,   473.70,   349.14
  599.65,   476.99,   474.08
  597.54,   480.28,   599.02
  604.29,   598.63,   345.90
  602.18,   601.92,   470.84
  600.07,   605.21,   595.77
  606.83,   723.56,   342.65
  604.72,   726.85,   467.59
  602.61,   730.14,   592.53
  726.72,   471.22,   351.32
  724.61,   474.51,   476.26
  722.50,   477.80,   601.19
  729.25,   596.15,   348.07
  727.14,   599.44,   473.01
  725.03,   602.73,   597.95
  731.78,   721.09,   344.83
  729.67,   724.37,   469.77
  727.56,   727.66,   594.71
  851.67,   468.74,   353.49
  849.56,   472.03,   478.43
  847.45,   475.32,   603.37
  854.21,   593.68,   350.25
  852.10,   596.96,   475.19
  849.99,   600.25,   600.13
  856.74,   718.61,   347.00
  854.63,   721.90,   471.94
  852.52,   725.18,   596.88
  600.05,   474.13,   473.18
  602.36,   473.56,   598.16
  604.67,   472.99,   723.13
  599.16,   599.12,   473.76
  601.47,   598.56,   598.74
  603.78,   597.99,   723.72
  598.28,   724.12,   474.35
  600.58,   723.55,   599.32
  602.89,   722.98,   724.30
  725.03,   475.03,   470.88
  727.33,   474.46,   595.85
  729.64,   473.89,   720.83
  724.14,   600.02,   471.46
  726.45,   599.45,   596.44
  728.76,   598.89,   721.41
  723.25,   725.02,   472.04
  725.56,   724.45,   597.02
  727.87,   723.88,   722.00
  850.00,   475.92,   468.57
  852.31,   475.36,   593.55
  854.62,   474.79,   718.53
  849.11,   600.92,   469.15
  851.42,   600.35,   594.13
  853.73,   599.79,   719.11
  848.23,   725.91,   469.74
  850.54,   725.35,   594.72
  852.84,   724.78,   719.69
  601.70,   474.66,   598.08
  604.02,   478.06,   723.02
  606.34,   481.45,   847.95
  602.57,   599.61,   594.67
  604.89,   603.01,   719.61
  607.21,   606.40,   844.54
  603.44,   724.56,   591.26
  605.76,   727.96,   716.20
  608.09,   731.35,   841.13
  726.67,   473.73,   595.79
  728.99,   477.12,   720.72
  731.32,   480.51,   845.65
  727.54,   598.68,   592.38
  729.87,   602.07,   717.31
  732.19,   605.46,   842.24
  728.42,   723.63,   588.97
  730.74,   727.02,   713.90
  733.06,   730.41,   838.83
  851.65,   472.79,   593.49
  853.97,   476.18,   718.42
  856.29,   479.58,   843.35
  852.52,   597.74,   590.08
  854.84,   601.13,   715.01
  857.17,   604.53,   839.94
  853.39,   722.69,   586.67
  855.72,   726.09,   711.60
  858.04,   729.48,   836.53
  598.28,   600.23,   100.97
  596.02,   598.74,   225.94
  593.76,   597.24,   350.91
  595.36,   725.19,   102.41
  593.10,   723.69,   227.38
  590.84,   722.19,   352.35
  592.44,   850.15,   103.86
  590.18,   848.65,   228.83
  587.92,   847.15,   353.80
  723.23,   603.12,   103.26
  720.97,   601.63,   228.23
  718.70,   600.13,   353.21
  720.31,   728.08,   104.71
  718.05,   726.58,   229.68
  715.78,   725.09,   354.65
  717.39,   853.04,   106.15
  715.13,   851.54,   231.12
  712.87,   850.04,   356.09
  848.17,   606.02,   105.56
  845.91,   604.52,   230.53
  843.65,   603.02,   355.50
  845.25,   730.97,   107.00
  842.99,   729.48,   231.98
  840.73,   727.98,   356.95
  842.34,   855.93,   108.45
  840.07,   854.43,   233.42
  837.81,   852.94,   358.39
  600.49,   600.70,   224.51
  598.00,   598.72,   349.47
  595.51,   596.75,   474.43
  597.14,   725.64,   226.42
  594.65,   723.66,   351.38
  592.15,   721.69,   476.34
  593.79,   850.58,   228.32
  591.29,   848.61,   353.28
  588.80,   846.63,   478.24
  725.42,   604.01,   227.06
  722.93,   602.04,   352.02
  720.44,   600.07,   476.98
  722.07,   728.95,   228.96
  719.58,   726.98,   353.92
  717.08,   725.01,   478.88
  718.72,   853.89,   230.87
  716.22,   851.92,   355.83
  713.73,   849.95,   480.79
  850.35,   607.32,   229.60
  847.86,   605.35,   354.56
  845.37,   603.38,   479.52
  847.00,   732.26,   231.50
  844.51,   730.29,   356.46
  842.01,   728.32,   481.42
  843.65,   857.20,   233.41
  841.15,   855.23,   358.37
  838.66,   853.26,   483.33
  599.93,   601.17,   351.22
  601.28,   601.42,   476.21
  602.63,   601.67,   601.20
  601.24,   726.16,   350.95
  602.59,   726.41,   475.95
  603.94,   726.66,   600.94
  602.55,   851.16,   350.69
  603.90,   851.41,   475.68
  605.25,   851.66,   600.67
  724.91,   599.85,   349.87
  726.26,   600.11,   474.86
  727.62,   600.36,   599.85
  726.23,   724.85,   349.60
  727.58,   725.10,   474.60
  728.93,   725.35,   599.59
  727.54,   849.84,   349.34
  728.89,   850.09,   474.33
  730.24,   850.34,   599.32
  849.90,   598.54,   348.52
  851.25,   598.79,   473.51
  852.60,   599.04,   598.51
  851.21,   723.53,   348.26
  852.56,   723.78,   473.25
  853.91,   724.03,   598.24
  852.52,   848.53,   347.99
  853.87,   848.78,   472.98
  855.23,   849.03,   597.98
  600.76,   600.89,   474.32
  600.78,   598.19,   599.29
  600.79,   595.50,   724.26
  601.66,   725.85,   477.01
  601.68,   723.16,   601.98
  601.69,   720.47,   726.95
  602.56,   850.82,   479.70
  602.57,   848.13,   604.67
  602.59,   845.43,   729.65
  725.76,   599.99,   474.28
  725.77,   597.29,   599.25
  725.79,   594.60,   724.22
  726.66,   724.95,   476.98
  726.67,   722.26,   601.95
  726.69,   719.57,   726.92
  727.56,   849.92,   479.67
  727.57,   847.23,   604.64
  727.59,   844.53,   729.61
  850.75,   599.09,   474.25
  850.77,   596.39,   599.22
  850.78,   593.70,   724.19
  851.65,   724.05,   476.94
  851.67,   721.36,   601.91
  851.68,   718.67,   726.88
  852.55,   849.02,   479.63
  852.57,   846.33,   604.61
  852.58,   843.63,   729.58
  601.80,   600.87,   598.48
  599.35,   602.63,   723.44
  596.90,   604.38,   848.40
  605.42,   725.81,   596.79
  602.97,   727.56,   721.76
  600.52,   729.32,   846.72
  609.05,   850.74,   595.11
  606.59,   852.50,   720.08
  604.14,   854.25,   845.04
  726.72,   597.28,   600.98
  724.27,   599.04,   725.94
  721.82,   600.79,   850.90
  730.35,   722.22,   599.29
  727.90,   723.97,   724.26
  725.44,   725.73,   849.22
  733.97,   847.16,   597.61
  731.52,   848.91,   722.58
  729.07,   850.66,   847.54
  851.65,   593.70,   603.48
  849.20,   595.45,   728.44
  846.74,   597.20,   853.41
  855.27,   718.63,   601.80
  852.82,   720.38,   726.76
  850.37,   722.14,   851.72
  858.89,   843.57,   600.11
  856.44,   845.32,   725.08
  853.99,   847.07,   850.04
